1247700058011
1247700064721
1247700065227
1247700065425
1247700066140
1247700069297
1247700070397
1247700070474
1247700071332
1247700080484
1247700080770
1247700081804
1247700084312
1247700093915
1247700094234
1247700094355
1247700095004
1247700095191
1247700095895
1247700096930
1247700096962
1247700102583
1247700106499
1247700106830
1247700111163
1247700113935
1247700127179
1247700128290
1247700130105
1247700132591
1247700134296
1247700135605
1247700136727
1247700136914
1247700137508
1247700141655
1247700149520
1247700149663
1247700153722
1247700154206
1247700154789
1247700154790
1247700154811
1247700154932
1247700154943
1247700154976
1247700154987
1247700155020
1247700155438
1247700157121
1247700157198
1247700158045
1247700158188
1247700163578
1247700165580
1247700165855
1247700167406
1247700167660
1247700167670
1247700169584
1247700169661
1247700169705
1247700171256
1247700174380
1247700178186
1247700181123
1247700182685
1247700183895
1247700183906
1247700183917
1247700187646
1247700187767
1247700189648
1247700189945
1247700189978
1247700190363
1247700191122
1247700192134
1247700194400
1247700197700
1247700199042
1247700203332
1247700203937
1247700210493
1247700215762
1247700216752
1247700217599
1247700217610
1247700217632
1247700217709
1247700218017
1247700218941
1247700228214
1247700232031
1247700232614
1247700232890
1247700233637
1247700235925
1247700237289
1247700244000
1247700245022
1247700245187
1247700250412
1247700252755
1247700253789
1247700254834
1247700255770
1247700256176
1247700257001
1247700257012
1247700257958
1247700263766
1247700263832
1247700264998
1247700265262
1247700265670
1247700265780
1247700268364
1247700269618
1247700269684
1247700269805
1247700270938
1247700271048
1247700272467
1247700272710
1247700275239
1247700275899
1247700276120
1247700276460
1247700277000
1247700280717
1247700280739
1247700283490
1247700284721
1247700285172
1247700285623
1247700286129
1247700286833
1247700291277
1247700292102
1247700294490
1247700299802
1247700301122
1247700302024
1247700302080
1247700305710
1247700305731
1247700305918
1247700306919
1247700307062
1247700312430
1247700314916
1247700322110
1247700322429
1247700326697
1247700329601
1247700331229
1247700331614
1247700337576
1247700340491
1247700340920
1247700342120
1247700346552
1247700352393
1247700353284
1247700353450
1247700354285
1247700354637
1247700355539
1247700356265
1247700356386
1247700356980
1247700359158
1247700362106
1247700362250
1247700362744
1247700363195
1247700363514
1247700364086
1247700364097
1247700364108
1247700367518
1247700368321
1247700368563
1247700371280
1247700371599
1247700374690
1247700375845
1247700376472
1247700382159
1247700383831
1247700385217
1247700386350
1247700389881
1247700390277
1247700390893
1247700392510
1247700395799
1247700398780
1247700398791
1247700401442
1247700403180
1247700411232
1247700413399
1247700414917
1247700417392
1247700419317
1247700424641
1247700426126
1247700427699
1247700434266
1247700434915
1247700435443
1247700438446
1247700438765
1247700439986
1247700440503
1247700440514
1247700442549
1247700445190
1247700448874
1247700449083
1247700449732
1247700451240
1247700454066
1247700456850
1247700462382
1247700467960
1247700471490
1247700472150
1247700472766
1247700473558
1247700475208
1247700476760
1247700477507
1247700478398
1247700478552
1247700481434
1247700482215
1247700482710
1247700483733
1247700485108
1247700490487
1247700493468
1247700495041
1247700495580
1247700496427
1247700498231
1247700503621
1247700506734
1247700509803
1247700515644
1247700521177
1247700522244
1247700525401
1247700533497
1247700534070
1247700543452
1247700546532
1247700547786
1247700547918
1247700549315
1247700553968
1247700563461
1247700564649
1247700573526
1247700576540
1247700576750
1247700577112
1247700578311
1247700582293
1247700582458
1247700586132
1247700586176
1247700586209
1247700586330
1247700587265
1247700587309
1247700589355
1247700600718
1247700602335
1247700606922
1247700613104
1247700616129
1247700616481
1247700620199
1247700625260
1247700630517
1247700638470
1247700644135
1247700645730
1247700656191
1247700656642
1247700672669
1247700677740
1247700678862
1247700679643
1247700680809
1247700681392
1247700688047
1247700694911
1247700709123
1247700710400
1247700711213
1247700711521
1247700716152
1247700716548
1247700717175
1247700723050
1247700724853
1247700726570
1247700732311
1247700733840
1247700738383
1247700749230
1247700750758
1247700751990
1247700752243
1247700752342
1247700753112
1247700755455
1247700756038
1247700762704
1247700764222
1247700767500
1247700769557
1247700774947
1247700775431
1247700776949
1247700790215
1247700791986
1247700794043
1247700797189
1247700800764
1247700805758
1247700806308
1247700809674
1247700810796
1247700815560
1247700816736
1247700820333
1247700823721
1247700826251
1247700832224
1247700834248
1247800003395
1247800004396
1247800009896
1247800096257
1247800098138
1247800107609
1249100006572
1249100007782
1249100008739
1249200001214
1249200004580
1249400006272
1249500004820
1249500005040
1250800004553
1250800004619
1250800004663
1250800004817
1251600032540
1251800004598
1251800009735
1251800010659
1252100000547
1252200010150
1252300046272
1252500008518
1252800000364
1253100001604
1253100006268
1253300003153
1253500000148
1253500000445
1253500001204
1253500008783
1253800004050
1254000000396
1254000001254
1254000002574
1254000002629
1254000003180
1254000003608
1254000004279
1254000005742
1254000007205
1254000007348
1255000001552
1255000002080
1255000003444
1255000005523
1255000005920
1255000012838
1255000014070
1255000014169
1255000016237
1255000017799
1255000023233
1255000026380
1255000027105
1255000027281
1255000035564
1255000036092
1255000042307
1255000044750
1255000047301
1255000051690
1255000051745
1255000052185
1255000052592
1255000053285
1255000053406
1255000054308
1255000055375
1255000055640
1255000055837
1255000058653
1255000059533
1255000059863
1255000060985
1255000061414
1255000066750
1255000074493
1255000076792
1255000078101
1255000079663
1255000080510
1255000081071
1255000081930
1255000082754
1255800002040
1255900002038
1256100003730
1256200000033
1256200000220
1256200000935
1256200001716
1256200002508
1256200002959
1256200003256
1256200004224
1256200004829
1256200005412
1256200005490
1256200005599
1256200006017
1256400008083
1256600029400
1256700001250
1256700001975
1256700002822
1256700003031
1256700003185
1256700003768
1256700005154
1256700005210
1256700005320
1256700005539
1256700005781
1256700006441
1256700007190
1256700007398
1256700007827
1256700008080
1256700008179
1256700008190
1256700008388
1256700008553
1256700008586
1256700008916
1256700009862
1256700010610
1256700010819
1256900000807
1256900000928
1256900001566
1256900002700
1256900002765
1256900003568
1256900003854
1256900004041
1256900004283
1256900004327
1256900005229
1256900005691
1256900006417
1256900006758
1256900007319
1256900007320
1257100001300
1257100001839
1257100003148
1257100006041
1257100006360
1257100006745
1257200002168
1257500001175
1257500002891
1257600000250
1257600000503
1257600002197
1257600002923
1257600003088
1257600004177
1257600004650
1257600004749
1257600005013
1257600005420
1257600005783
1257600006366
1257700002955
1257700003109
1257700004902
1257700005661
1257700006904
1257700008818
1257700011227
1257700015484
1257700015539
1257700018465
1257700024438
1257700024560
1257700027738
1257700033095
1257700035361
1257700036538
1257700042797
1257700049463
1257700049507
1257700051762
1257700052037
1257700052411
1257700056833
1257700057306
1257700066470
1257700067602
1257700069516
1257700070650
1257700070660
1257700073840
1257700073850
1257700074026
1257700076776
1257700079537
1257700079560
1257700080142
1257700081330
1257700087358
1257700088062
1257700088755
1257700090086
1257700090449
1257700091670
1257700091681
1257700095564
1257700101075
1257700101438
1257700102000
1257700102010
1257700104837
1257700104848
1257700104947
1257700105145
1257700107312
1257700108830
1257700116255
1257700116740
1257700118830
1257700122932
1257700129477
1257700132293
1257700133074
1257700133338
1257700133844
1257700133888
1257700135494
1257700137310
1257700139322
1257700142765
1257700147781
1257700150476
1257700153248
1257700158385
1257700160277
1257700160893
1257700164941
1257700166008
1257700168274
1257700169374
1257700170826
1257700174159
1257700174962
1257700177525
1257700183289
1257700187227
1257700195994
1257700203364
1257700208094
1257700209084
1257700211031
1257700211526
1257700211537
1257700214122
1257700215002
1257700216630
1257700220414
1257700223604
1257700225903
1257700227190
1257700227619
1257700228235
1257700235484
1257700235946
1257700237190
1257700238950
1257700239170
1257700246132
1257700251962
1257700256703
1257700258188
1257700258420
1257700258892
1257700259871
1257700259915
1257700259959
1257700260212
1257700260905
1257700261422
1257700264271
1257700264360
1257700265338
1257700268737
1257700269639
1257700270630
1257700271883
1257700271982
1257700273379
1257700274677
1257700275447
1257700282113
1257700282586
1257700287734
1257700290506
1257700291925
1257700292816
1257700294532
1257700294610
1257700294642
1257700294675
1257700294697
1257700294730
1257700294763
1257700294895
1257700294906
1257700294928
1257700294950
1257700294983
1257700295104
1257700295270
1257700295291
1257700295313
1257700295951
1257700295995
1257700296150
1257700296160
1257700296248
1257700300417
1257700302518
1257700303453
1257700304102
1257700316026
1257700316829
1257700317577
1257700322604
1257700322692
1257700324640
1257700324650
1257700328929
1257700330194
1257700332394
1257700333637
1257700335518
1257700339214
1257700339423
1257700340127
1257700341348
1257700344307
1257700345209
1257700346727
1257700349895
1257700355318
1257700359311
1257700362743
1257700363854
1257700364052
1257700364900
1257700364943
1257700365120
1257700365669
1257700367396
1257700369332
1257700370619
1257700373226
1257700373237
1257700373292
1257700373336
1257700373370
1257700373600
1257700378627
1257700382862
1257700389594
1257700389913
1257700390529
1257700391520
1257700394214
1257700394753
1257700400429
1257700400980
1257700401452
1257700402497
1257700405544
1257700405830
1257700406963
1257700409746
1257700410220
1257700410241
1257700410770
1257700411110
1257700411990
1257700415147
1257700419668
1257700422220
1257700426059
1257700426675
1257700427258
1257700428138
1257700428820
1257700430118
1257800014306
1257800016803
1257800075521
1257800077941
1258900001700
1259100001930
1259100003733
1259400003444
5067746015365
5067746033405
5067746075304
5067746078153
5067746078395
5067746090539
5067746104509
5067746109250
5067746132152
5067746146243
5067746200726
5067746244484
5067746244627
5067746255055
5067746257475
5067746276813
5067746335718
5067746336378
5067746338534
5067746344738
5067746349424
5067746351140
5067746351217
5067746351228
5067746351239
5067746351316
5067746351327
5067746351338
5067746351350
5067746351448
5067746370214
5067746381049
5067746381324
5067746397725
5067746402554
5067746404150
5067746438909
5067746440053
5067746455343
5067746472800
5067746473548
5067746476980
5067746477013
5067746493326
5067746493403
5067746495328
5067746542078
5067746600500
5067746654289
5067746655390
5067746665047
5067746767512
5067746769492
5067746784859
5067746787466
5067746788159
5067746788600
5067746788610
5067746789314
5067746792174
5067746792361
5067746796596
5067746842730
5067746843159
5067746847812
5067746867667
5067746883397
5067746883573
5067746884520
5067746884882
5067746884915
5067746885091
5067746885146
5067746885179
5067746885377
5067746885399
5067746885443
5067746885465
5067746888105
5067746890789
5067746891328
5067746894265
5067746894881
5067746901635
5067746901679
5067746902273
5067746902306
5067746902328
5067746902340
5067746902383
5067746903220
5067746904660
5067746904726
5067746905782
5067746960860
5067746960870
5067746964951
5067746965039
5067746965160
5067847127640
5067847219303
5067847259431
5067847321075
5067847379837
5067847407975
5067847448906
5067847473403
5067847521297
5077746248278
5077746252580
5077746261852
5077746278781
5077746300308
5077746302475
5077746302970
5077746304862
5077746314674
5077746314817
5077746319613
5077746332186
5077746332450
5077746336399
5077746346376
5077746348477
5077746350963
5077746351403
5077746351931
5077746419108
5077746431714
5077746434915
5077746437600
5077746437687
5077746451811
5077746451954
5077746455716
5077746461865
5077746467805
5077746472788
5077746477441
5077746478167
5077746529900
5077746529977
5077746550228
5077746671635
5077746675530
5077746676464
5077746677212
5077746679753
5077746681821
5077746682932
5077746683240
5077746685870
5077746688300
5077746695362
5077746703601
5077746703711
5077746709860
5077746710399
5077746710608
5077746710729
5077746710751
5077746711928
5077746714018
5077746714260
5077746750802
5077746755367
5077746759668
5077746763617
5077746767170
5077746771383
5077746774200
5077746789313
5077746791777
5077746796969
5077746800621
5077746808134
5077746808190
5077746808200
5077746808233
5077746813271
5077746818650
5077746823083
5077746832532
5077746840639
5077746845369
5077746855192
5077746856820
5077746875070
5077746886366
5077746890183
5077746890843
5077746892779
5077746925460
5077746929926
5077746934480
5077746955083
5077746964873
5077746964950
5077746970660
5077746973233
5077746978304
5087746008378
5087746017530
5087746019224
5087746020852
5087746046010
5087746047703
5087746055854
5087746078756
5087746081099
5087746092682
5087746092748
5087746119786
5087746121194
5087746136693
5087746137837
5087746139410
5087746139839
5087746142204
5087746143535
5087746143975
5087746161300
5087746162610
5087746162829
5087746197732
5087746199932
5087746201550
5087746208292
5087746208369
5087746212770
5087746214090
5087746231304
5087746236771
5087746237497
5087746238113
5087746239565
5087746239840
5087746242205
5087746246451
5087746257341
5087746283719
5087746285644
5087746286580
5087746313210
5087746314300
5087746317599
5087746323704
5087746324617
5087746326840
5087746327521
5087746329028
5087746330425
5087746330854
5087746335903
5087746337025
5087746346298
5087746371411
5087746376823
5087746377505
5087746377681
5087746378231
5087746386888
5087746390958
5087746394214
5087746394401
5087746395622
5087746401530
5087746402563
5087746403465
5087746423485
5087746427687
5087746429282
5087746430822
5087746431768
5087746438258
5087746441283
5087746441547
5087746443230
5087746444187
5087746445331
5087746448367
5087746475845
5087746479410
5087746484580
5087746486317
5087746486944
5087746495007
5087746529680
5087746532385
5087746540877
5087746545255
5087746545893
5087746563427
5087746569620
5087746597538
5087746600200
5087746602092
5087746602103
5087746655332
5087746656300
5087746658401
5087746665155
5087746670545
5087746672360
5087746674912
5087746698056
5087746698463
5087746698617
5087746703270
5107746009916
5107746011621
5107746014338
5107746014910
5107746021279
5107746023831
5107746032026
5107746032125
5107746032246
5107746035656
5107746042113
5107746043686
5107746045215
5107746046051
5107746052079
5107746053146
5107746058316
5107746061066
5107746065367
5107746065411
5107746067600
5117746002732
5117746006802
5117746008628
5117746010322
5117746013864
5117746016460
5117746017208
5117746017285
5117746022466
5117746031783
5117746034071
5117746036909
5117746038548
5117746042420
5117746042475
5117746048789
5117746057875
5117746062253
5117746062264
5117746067951
5137746001256
5137746006613
5137746007867
5137746008791
5137746010177
5137746010540
5137746015941
5137746018493
5137746036016
5137746038216
5137746041307
5137746063934
5137746069016
5137746069742
5137746077475
5137746081270
5137746081336
5137746092721
5137746094492
5137746095647
5137746098683
5137746101257
5137746101400
5137746101720
5137746102490
5137746105954
5137746105987
5137746107637
5137746108935
5137746110299
5137746118230
5137746118527
5137746120012
5137746120782
5137746125545
5137746129758
5137746132926
5137746135830
5137746145642
5137746146863
5137746153562
5137746155377
5137746162175
5137746165640
5137746172911
5137746181975
5137746184736
5137746186419
5137746186738
5137746187805
5137746198970
5137746199300
5137746200280
5137746203029
5137746203216
5137746214084
5137746219386
5137746233180
5137746235677
5137746237680
5137746243575
5137746245324
5137746253475
5143443065057
5147746018910
5147746020065
5147746029008
5147746033045
5147746033056
5147746035498
5147746074812
5147746077628
5147746077771
5147746079795
5147746080719
5147746106228
5147746106910
5147746126435
5147746136247
5147746142209
5147746143551
5147746150316
5147746156861
5147746158830
5147746160095
5147746161404
5147746163351
5147746165485
5147746165837
5147746168422
5147746171777
5147746173020
5147746176980
5147746191291
5147746200366
5147746200740
5147746206010
5147746207439
5147746210233
5147746225182
5147746227613
5147746228933
5147746235160
5147746236215
5147746236897
5147746237216
5147746242034
5147746261735
5147746262109
5147746262340
5147746279490
5147746281007
5147746281304
5147746285539
5147746286848
5147746289389
5147746296760
5147746314392
5147746328770
5147746339274
5147746348350
5147746365608
5147746366862
5147746368292
5147746368985
5147746369425
5147746371790
5147746373682
5147746373715
5147746376542
5147746378819
5147746380711
5147746385661
5147746386420
5147746401754
5147746413293
5147746413370
5147746414470
5147746415328
5147746423259
5147746433698
5147746436635
5147746437340
5147746444049
5147746444467
5147746450242
5147746451430
5147746452630
5147746460648
5147746464443
5157746003201
5157746003553
5157746008240
5157746015895
5157746017226
5157746032978
5157746033352
5157746039150
5157746053812
5157746058300
5157746064581
5157746067067
5157746067254
5157746070323
5157746071896
5157746074459
5157746074877
5157746079233
5157746083523
5157746088726
5157746089661
5157746091564
5157746094985
5157746099506
5157746102190
5157746102510
5157746103136
5157746103697
5157746104016
5157746105370
5157746113290
5157746114720
5157746123640
5157746124938
5157746129019
5157746130120
5157746130537
5157746147026
5157746147268
5157746150800
5157746151965
5157746152196
5157746152251
5157746156244
5157746156629
5157746157938
5157746168840
5157746169653
5157746169752
5157746169796
5157746171369
5157746178630
5157746183250
5157746183524
5157746192940
5157746193050
5157746196548
5157746197186
5157746214225
5157746235059
5157746250680
5157746275528
5157746311696
5167746072786
5167746152063
5167746152767
5167746175416
5167746182160
5167746191696
5167746203070
5167746203510
5167746208933
5167746209890
5167746212134
5167746215753
5167746217821
5167746222012
5167746222958
5167746231791
5167746232055
5167746232990
5167746243902
5167746245299
5167746250865
5167746256640
5167746259423
5167746265946
5167746269103
5167746271732
5167746273305
5167746281270
5167746282446
5167746283326
5167746284460
5167746284470
5167746287209
5167746289607
5167746294568
5167746307416
5167746308307
5167746308362
5167746308660
5167746309165
5167746312421
5167746314050
5167746317173
5167746317305
5167746323212
5167746324202
5167746324257
5167746324280
5167746327580
5167746331319
5167746337732
5167746342968
5167746346972
5167746347434
5167746347874
5167746349315
5167746350426
5167746355607
5167746357114
5167746357884
5167746358357
5167746360315
5167746368026
5167746368279
5167746374725
5167746375990
5167746376562
5167746377915
5167746382590
5167746387408
5167746387452
5167746391269
5167746396065
5167746396362
5167746400267
5167746406020
5167746409430
5167746410211
5167746413918
5167746415172
5167746429978
5167746446500
5167746450086
5167746452143
5167746454585
5167746458325
5167746460404
5167746468555
5167746481513
5167746481953
5167746484230
5167746495912
5167746496715
5177746001450
5177746001472
5177746003254
5177746005509
5177746008040
5177746013650
5177746014529
5177746019358
5177746020491
5177746022064
5177746026332
5177746028060
5177746028840
5177746041919
5177746044537
5177746045901
5177746051380
5177746056824
5177746065173
5177746079693
5177746088636
5177746090374
5177746093267
5177746096875
5177746097359
5177746098250
5177746114354
5177746116323
5177746120613
5177746121834
5177746127235
5177746127950
5177746128302
5177746130458
5177746130953
5177746131932
5177746134231
5177746135133
5177746135177
5177746147630
5177746151171
5177746153734
5177746153943
5177746155780
5177746160290
5177746162138
5177746164371
5177746174216
5177746178715
5177746185700
5177746186899
5177746189990
5177746190562
5177746194346
5177746202992
5177746203047
5177746213563
5177746213882
5177746216005
5177746218799
5177746219481
5177746221780
5177746232604
5177746232758
5177746238599
5177746238676
5177746240898
5177746241976
5177746250028
5177746250963
5177746252734
5177746259323
5177746270422
5177746270631
5177746273800
5177746274129
5177746274415
5177746276857
5177746280850
5177746285019
5177746290464
5177746300090
5177746304555
5177746311221
5177746324267
5177746325114
5177746327138
5177746328293
5177746332044
5177746332792
5177746333309
5177746334046
5177746344694
5177746345695
5177746345750
5177746348710
5177746356651
5177746368454
5177746377067
5177746379036
5177746383953
5177746388771
5177746389530
5177746390388
5177746390465
5177746391158
5177746391830
5177746394414
5177746396471
5177746400508
5187746007873
5187746008820
5187746010293
5187746020160
5187746022888
5187746026090
5187746031897
5187746033690
