1086914000590
1086914001822
1086915000270
1086949000687
1086949000709
1086952000190
1086952001168
1086952001179
1086952001531
1086952002170
1086952003104
1086952004347
1086952004633
1086952004710
1086952005414
1086952005722
1086952005832
1086952005909
1086952006360
1086952006481
1086952006877
1086952008516
1086952009154
1086952009210
1086952010640
1086952010970
1086952011002
1086952011904
1086952012597
1086952012674
1086952013488
1086952013807
1086952013884
1086952014698
1086952015325
1086952017679
1086952017921
1086952018010
1086952019296
1086952019307
1086952020913
1086952022893
1086952022948
1086952024147
1086952024785
1086952025687
1086952025709
1086952025710
1086952025720
1086952027030
1086952027909
1086952029515
1086952030131
1087017025908
1087100000371
1087154000471
1087154000856
1087154004310
1087154005355
1087154006290
1087154008380
1087154008501
1087154009744
1087154010481
1087154010570
1087154011449
1087154011603
1087154013187
1087154017543
1087154017939
1087154018192
1087154018379
1087154019809
1087154020414
1087154020546
1087154020623
1087154021844
1087154022515
1087154022735
1087154022977
1087154023241
1087154023285
1087154023770
1087154023802
1087154024616
1087154026013
1087154028488
1087154028950
1087154029357
1087154030260
1087154030292
1087154031282
1087154032635
1087154032976
1087154035154
1087154035539
1087154036859
1087154038850
1087154039334
1087154039356
1087154039950
1087154040522
1087154042216
1087154042282
1087154042326
1087154044834
1087232008533
1087232010271
1087321001063
1087407000560
1087417000330
1087447017822
1087524000277
1087524000519
1087524000893
1087524001091
1087524001245
1087524001256
1087600000630
1087600001060
1087600001345
1087602001233
1087602002234
1087602002575
1087602003004
1087602003213
1087602003257
1087602003961
1087602004357
1087602005094
1087602005215
1087602005743
1087603002190
1087603002255
1087604000296
1087604001968
1087604003013
1087604004135
1087604004278
1087604004586
1087604004795
1087604005664
1087604007226
1087604009063
1087604009426
1087604009547
1087604010702
1087604010812
1087604011373
1087604011406
1087604011604
1087604011769
1087604011868
1087604013595
1087604013848
1087604014101
1087604014695
1087604014717
1087604014871
1087604015311
1087604015465
1087604015950
1087604016092
1087604016554
1087604016763
1087604017258
1087604018920
1087604018930
1087604019337
1087604020349
1087604020371
1087604023044
1087604023363
1087606000437
1087606000558
1087606001009
1087606002076
1087606004276
1087606004287
1087606004860
1087606005255
1087608000138
1087610000543
1087610000730
1087610000851
1087610001390
1087610001522
1087610001654
1087610002952
1087610004756
1087612003159
1087627000636
1087627001428
1087746000363
1087746002189
1087746003971
1087746008900
1087746041734
1087746091168
1087746102850
1087746103818
1087746106535
1087746108999
1087746117810
1087746117821
1087746128722
1087746129811
1087746140965
1087746142010
1087746147686
1087746148929
1087746166606
1087746167805
1087746180961
1087746186857
1087746187121
1087746187760
1087746188056
1087746194018
1087746194436
1087746194546
1087746200630
1087746204358
1087746205282
1087746212036
1087746218251
1087746240823
1087746248523
1087746262009
1087746262526
1087746264704
1087746291236
1087746291930
1087746296340
1087746302907
1087746323147
1087746337040
1087746344399
1087746352132
1087746357764
1087746363308
1087746365079
1087746366289
1087746370326
1087746376640
1087746378356
1087746380941
1087746381007
1087746387827
1087746409717
1087746420266
1087746420300
1087746420343
1087746420387
1087746420717
1087746422301
1087746424820
1087746429990
1087746434302
1087746444004
1087746444301
1087746445016
1087746449890
1087746450571
1087746476245
1087746492063
1087746494219
1087746510048
1087746513799
1087746516758
1087746518078
1087746519772
1087746522434
1087746528121
1087746528627
1087746536723
1087746537108
1087746539671
1087746542476
1087746549186
1087746554477
1087746564630
1087746568238
1087746575685
1087746598301
1087746598719
1087746600336
1087746606804
1087746613679
1087746629387
1087746643049
1087746643060
1087746654599
1087746673453
1087746698511
1087746698918
1087746721370
1087746738991
1087746750629
1087746752719
1087746756107
1087746756162
1087746764940
1087746768493
1087746776028
1087746778790
1087746801262
1087746801548
1087746801691
1087746804430
1087746806663
1087746810194
1087746818389
1087746832051
1087746840818
1087746845548
1087746848860
1087746853611
1087746863137
1087746864127
1087746872839
1087746887722
1087746890208
1087746891484
1087746892738
1087746941259
1087746946583
1087746948827
1087746951764
1087746952072
1087746952105
1087746954459
1087746971740
1087746972026
1087746976558
1087746977450
1087746981079
1087746982740
1087746991991
1087746997733
1087746999317
1087799040581
1087847024792
1088604000957
1088604001419
1088904005850
1089847001826
1089847003014
1089847017655
1089847029678
1089847032406
1089847109967
1089847136840
1089847167794
1089847191510
1089847235664
1089847256256
1089847322322
1089847377047
1089847400367
1090280025637
1090280031324
1090280040740
1090561000969
1090816002452
1091001009373
1091035000429
1091326000260
1091500000437
1091514000489
1091644003868
1091690020597
1091690043873
1091690054180
1091828001297
1091831001460
1091831002680
1091832004087
1092034000321
1092130011830
1092130011929
1092204001670
1092221003820
1092221007229
1092225001571
1092225002253
1092225003397
1092302001505
1092308007131
1092308007439
1092353000134
1092366007381
1092457004199
1092468007136
1092468020391
1092468021546
1092468035351
1092468045670
1092511000779
1092537001006
1092537003030
1092538005999
1092700000953
1092721007763
1092902002555
1093015001276
1093123016370
1093252000490
1093254000300
1093254002027
1093254004095
1093254015040
1093316001294
1093316001844
1093327000051
1093327001360
1093327001756
1093327004253
1093327005474
1093328000237
1093328002525
1093328003460
1093328004582
1093332000288
1093332000409
1093332000596
1093332002785
1093334002376
1093339000050
1093340005989
1093400002794
1093460001612
1093537000798
1093668007817
1093702020169
1093815000256
1093850008559
1093850028986
1093925006746
1093925015546
1094001000840
1094004000078
1094004000353
1094004001123
1094011000808
1094023000411
1094025000090
1094025000640
1094025001630
1094025002455
1094025002950
1094027002090
1094027002167
1094027002530
1094027003377
1094027003707
1094027005379
1094028000220
1094028000703
1094028000714
1094028001760
1094028003112
1094029000515
1094029000592
1094029000669
1094029001659
1094029003287
1094029003529
1094029003727
1094217005288
1094217005497
1094312000320
1094432000211
1094436000658
1094632000858
1094632003509
1094632012606
1094807000496
1094823001118
1094910000877
1095000005210
1095001004163
1095001007001
1095001007298
1095001007617
1095003000322
1095003002181
1095003004029
1095003004909
1095003006548
1095004001751
1095005000507
1095005001464
1095005001948
1095007000934
1095007003530
1095009001207
1095009003715
1095009003770
1095010000051
1095010002108
1095010002669
1095012002337
1095012005010
1095015000740
1095017002068
1095022000787
1095024003931
1095024006362
1095027002883
1095027004434
1095027005281
1095027010198
1095027011562
1095029002045
1095029005235
1095029009668
1095029010977
1095030002748
1095030003243
1095032003879
1095032008510
1095034000819
1095034001457
1095038001112
1095040002518
1095040003937
1095040005554
1095040007512
1095043000293
1095043000470
1095044001436
1095044002239
1095045000962
1095045001215
1095047003083
1095047007219
1095047007505
1095047010299
1095047010585
1095047010893
1095050002574
1095050007172
1095050009438
1095053001009
1095053001691
1095072000968
1095074003023
1095074003100
1095074003309
1095074004024
1095074005344
1095074007577
1095075000877
1095075001031
1095075001108
1095075001361
1095075001405
1095075002000
1095105000880
1095190004623
1095190007846
1095190011036
1095190012675
1095249002320
1095252002340
1095260002694
1095260003596
1095260012484
1095263002977
1095263005970
1095321004382
1095402005610
1095402013002
1095403002650
1095405011701
1095405013330
1095405017916
1095407003670
1095473002525
1095543024312
1095543027348
1095658005123
1095658010942
1095658010975
1095658011790
1095658018906
1095658028091
1095741000552
1095752002730
1095838000532
1095904015822
1095921001780
1096154004693
1096164004001
1096167000380
1096183002057
1096195001264
1096195002507
1096214000596
1096215001695
1096226001651
1096229000471
1096229001538
1096229001945
1096229001956
1096229002033
1096229002638
1096230000140
1096230000481
1096230002120
1096230003033
1096232000370
1096234000400
1096234000906
1096234003876
1096234004184
1096234004910
1096234006967
1096234007693
1096234008969
1096234009123
1096234010278
1096234010828
1096234010839
1096317004838
1096317006532
1096320002492
1096501008284
1096625004343
1096659013307
1096672017485
1096673008079
1096673012809
1096713000262
1096714000063
1096714000173
1096714000514
1096714000657
1096714000932
1096722000132
1096722000495
1096722001298
1096722001606
1096722001650
1096726000106
1096731000024
1096731000277
1096731000288
1096731000354
1096731000486
1096731000630
1096731000662
1096731001388
1096731001608
1096731001685
1096731002356
1096731003050
1096731003203
1096731003764
1096731003830
1096731004061
1096731004700
1096731005315
1096731006020
1096731006316
1096731006822
1096731006877
1096731007724
1096731008263
1096731008593
1096731008725
1096731008890
1096731010375
1096731011244
1096731011761
1096731012663
1096731014533
1096731015193
1096731015930
1096731016271
1096827000632
1096900000823
1096900001065
1096906001026
1096908000540
1096908000771
1096908001442
1096910000109
1096910002100
1096911000064
1096912000393
1096913000480
1096915001050
1096952000837
1096952001508
1096952005105
1096952005446
1096952005721
1096952006282
1096952007240
1096952007668
1096952010418
1096952011782
1096952011914
1096952013245
1096952015148
1096952015600
1096952015621
1096952016974
1096952018646
1096952021385
1096952022375
1096952024014
1096952024861
1096952025312
1096952026544
1096952026632
1096952027391
1097100000546
1097154003088
1097154003638
1097154003814
1097154004001
1097154004155
1097154005717
1097154006179
1097154006652
1097154006762
1097154007642
1097154007961
1097154008160
1097154011008
1097154011195
1097154012230
1097154013252
1097154013582
1097154014220
1097154014341
1097154014440
1097154015090
1097154015859
1097154018170
1097154019918
1097154020160
1097154020182
1097154020842
1097154020941
1097154021403
1097154021788
1097154021942
1097154022349
1097154022899
1097154023691
1097154024780
1097154025044
1097154025660
1097154027376
1097154027893
1097154029015
1097154029114
1097154029367
1097154029499
1097154029576
1097154030049
1097154030280
1097154030489
1097232006596
1097327002607
1097500000443
1097602001353
1097602001529
1097602001551
1097602004642
1097602005379
1097603001198
1097604000031
1097604001230
1097604004112
1097604004541
1097604007478
1097604009139
1097604011670
1097604012142
1097604012252
1097604012318
1097604012593
1097604013440
1097604014232
1097604014309
1097604014980
1097604016146
1097604017609
1097606001239
1097606001349
1097606003330
1097606006211
1097606006398
1097606006410
1097606006508
1097606006541
1097606006563
1097609000070
1097609000631
1097609000720
1097610000135
1097610000146
1097610000597
1097610001081
1097610002049
1097610002676
1097611002169
1097611002280
1097627001680
1097746009900
1097746010537
1097746011780
1097746021691
1097746022901
1097746040281
1097746055923
1097746061665
1097746066043
1097746066220
1097746070290
1097746073226
1097746087405
1097746088351
1097746094490
1097746094698
1097746097679
1097746104037
1097746109878
1097746114146
1097746119514
1097746133869
1097746138159
1097746138225
1097746139941
1097746144341
1097746156089
1097746158619
1097746162690
1097746163162
1097746165880
1097746168849
1097746170257
1097746173513
1097746183545
1097746184689
1097746184690
1097746186416
1097746186482
1097746189298
1097746194765
1097746199935
1097746205754
1097746210088
1097746213510
1097746215126
1097746219230
1097746226896
1097746228580
1097746228634
1097746228865
1097746230141
1097746238435
1097746238480
1097746244375
1097746250128
1097746255606
1097746255969
1097746257597
1097746258829
1097746265451
1097746266122
1097746270764
1097746276726
1097746293908
1097746299991
1097746301091
1097746304941
1097746305326
1097746308307
1097746319770
1097746320627
1097746330824
1097746331495
1097746332221
1097746332892
1097746334014
1097746335741
1097746336270
1097746343518
1097746347270
1097746351042
1097746355651
1097746359974
1097746360447
1097746367443
1097746368114
1097746368543
1097746369269
1097746373780
1097746378718
1097746379620
1097746381006
1097746381952
1097746382260
1097746382832
1097746383790
1097746384570
1097746386594
1097746386737
1097746388057
1097746388651
1097746388662
1097746388673
1097746391027
1097746406966
1097746411400
1097746412433
1097746417295
1097746425017
1097746427173
1097746436809
1097746437403
1097746437690
1097746443410
1097746445334
1097746449591
1097746451065
1097746458006
1097746461010
1097746471228
1097746474088
1097746476882
1097746478884
1097746481183
1097746485990
1097746491480
1097746491820
1097746492524
1097746493063
1097746498915
1097746504228
1097746511125
1097746511774
1097746519100
1097746523357
1097746529077
1097746536920
1097746538812
1097746540187
1097746540528
1097746545071
1097746546358
1097746560460
1097746560702
1097746561373
1097746568501
1097746573154
1097746580910
1097746584132
1097746586651
1097746588433
1097746600247
1097746601480
1097746605802
1097746608981
1097746627219
1097746629452
1097746635359
1097746641277
1097746642510
1097746645160
1097746648702
1097746653146
1097746654345
1097746656292
1097746657579
1097746664157
1097746667204
1097746677357
1097746679568
1097746682241
1097746683814
1097746698147
1097746699269
1097746699478
1097746706837
1097746712711
1097746714394
1097746715934
1097746723007
1097746725174
1097746735130
1097746739221
1097746741840
1097746743313
1097746748110
1097746749540
1097746749891
1097746750958
1097746757624
1097746758834
1097746762596
1097746762662
1097746769768
1097746770131
1097746770330
1097746772089
1097746779492
1097746780405
1097746782748
1097746789964
1097746791944
1097746792318
1097746797345
1097746798764
1097746801448
1097746806497
1097746807355
1097746811392
1097746811722
1097746820137
1097746821061
1097746828321
1097746839134
1097746840729
1097746840840
1097746855360
1097847017784
1097847078812
1097847146352
1097847155735
1097847163160
1097847180804
1097847220877
1097847239930
1097847267913
1097847271170
1097847283005
1097847283016
1097847283038
1097847286789
1097847306039
1098901000527
1098901001572
1098904002768
1098904003175
1100280010930
1100570000024
1100608001240
1100608001845
1100724000497
1101039000710
1101101007688
1101108000465
1101215002998
1101314000457
1101323000459
1101402000512
1101650006677
1101650008118
1101650013783
1101690008837
1101690013930
1101690026393
1101690050076
1101690063793
1102204000920
1102204004704
1102223009019
1102305000368
1102309004753
1102310006182
1102311001143
1102468013955
1102468027595
1102468039981
1102502000413
1102502001612
1102502002460
1102511001317
1102511001328
1102537004349
1102537005933
1102537006032
1102538002819
1102651000957
1102724000830
1102801011862
1103123000309
1103123000661
1103123010550
1103128005375
1103252000280
1103300000176
1103300000671
1103304000216
1103304000249
1103304001239
1103316000127
1103327000358
1103327000908
1103327002954
1103327005495
1103327006122
1103327007244
1103328000159
1103328004482
1103328005054
1103334000550
1103339001028
1103339001369
1103339002271
1103340000807
1103340003810
1103340004712
1103340005339
1103340005559
1103443001155
1103444001121
1103444002012
1103444002518
1103500001252
1103525003944
1103525011171
1103528000388
1103528000938
1103668009950
1103668011446
1103702003118
1103702008420
1103702016406
1103711000678
1103711001305
1103850018513
1103850023430
1103925013829
1103925014962
1103926013487
1103926016171
1104000000895
1104001000014
1104001001301
1104004000418
1104025000232
1104025000310
1104025000397
1104025000771
1104025001079
1104025001145
1104025003202
1104025003280
1104025003829
1104027000087
1104027000186
1104027000494
1104027000516
1104027000758
1104027001462
1104027002067
1104027002122
1104027003211
1104027004366
1104028000647
1104028001330
1104028001340
1104028001714
1104028002033
1104028002099
1104029001075
1104029001560
1104029002010
1104029002175
1104205000063
1104205013153
1104205020094
1104205020149
1104217000733
1104217001338
1104345024300
1104823006133
1105001000081
1105001001544
1105001002083
1105001004041
1105003000410
1105003001366
1105003002686
1105003004370
1105003004897
1105003005810
1105003009396
1105003009540
1105005001970
1105007000119
1105007000482
1105007002132
1105007002528
1105009001118
1105010000886
1105010001744
1105010002162
1105010002790
1105010003152
1105012002028
1105017001704
1105017003926
1105019001031
1105020001646
1105020001943
1105020002933
1105022000566
1105022001842
1105024000740
1105024001103
1105024001807
1105024005118
1105024005129
1105024007945
1105027007711
1105027011430
1105027015191
1105029004728
1105029009909
1105029010877
1105029013210
1105030000932
1105030001053
1105030001922
1105031001536
1105032005902
1105032008366
1105032009576
1105034001544
1105034002028
1105038000264
1105040002561
1105040004805
1105040005432
1105040007423
1105040010866
1105042004781
1105043001304
1105044002293
1105044003173
1105044003195
1105044003492
1105045002105
1105047000585
1105047000739
1105047002720
1105047004545
1105047005106
1105047005216
1105047005799
1105047013554
1105047014808
1105048002180
1105050000186
1105050007666
1105053000326
1105053000711
1105053001217
1105072000747
1105074002340
1105074003100
1105074007202
1105074008368
1105074010414
1105075000470
1105075001800
1105190005733
1105244001280
1105244001290
1105249004508
1105258003179
1105262008763
1105321007285
1105405003440
1105410000013
1105410001157
1105476025676
1105476060150
1105476067443
1105543028975
1105658001987
1105658002680
1105658003505
1105658027067
1105742001221
1105752001970
1105802000996
1105904009210
1105904009452
1105905006272
1105906002223
1105908001363
1105921000130
1106027006326
1106031000063
1106154000523
1106165006122
1106183000494
1106193004488
1106194006511
1106194006676
1106195006390
1106195007093
1106195007115
1106195007445
1106200001346
1106214000056
1106215000132
1106215000506
1106215001023
1106215001034
1106215001287
1106215001364
1106215001452
1106219000535
1106225000177
1106229001020
1106229001284
1106229001581
1106230000073
1106230000326
1106230000986
1106230001162
1106230001206
1106230002108
1106230002526
1106230002625
1106230002790
1106230003406
1106232000050
1106234002380
1106234002973
1106234003721
1106234003897
1106234005240
1106234005272
1106234006339
1106234007219
1106234007230
1106234007351
1106234008209
1106234008484
1106234009298
1106234009727
1106234009782
1106234010156
1106234011025
1106300003072
1106313002553
1106316002693
1106318000029
1106320001820
1106450001503
1106450008818
1106658014320
1106659009380
1106671024998
1106673014843
1106714000128
1106714000205
1106714000304
1106714000315
1106714000645
1106714000656
1106714000931
1106714001019
1106714001020
1106722000120
1106722000340
1106722001187
1106722001528
1106722001594
1106722001902
1106725000250
1106726000644
1106726001018
1106731000353
1106731001629
1106731002344
1106731002553
1106731003367
1106731003697
1106731003796
1106731004225
1106731004467
1106731005040
1106731005138
1106731005204
1106732000869
1106732001155
1106732001375
1106732001551
1106732001606
1106732001914
1106732002035
1106732002387
1106732002497
1106732002684
1106732002706
1106732003168
1106732003454
1106732003619
1106732003740
1106732003751
1106732003950
1106732004224
1106732004950
1106732005027
1106732005104
1106732005698
1106732006215
1106732008734
1106829003050
1106829004182
1106900000130
1106908000572
1106908000825
1106910000670
1106912000029
1106912000040
1106912000051
1106912000360
1106952000781
1106952001749
1106952002794
1106952003916
1106952005632
1106952005731
1106952007546
1106952007744
1106952007799
1106952007865
1106952009328
1106952011275
1106952011330
1106952011363
1106952012397
1106952012430
1106952012529
1106952013222
1106952014311
1106952014388
1106952015059
1106952015433
1106952015598
1106952016412
1106952017798
1106952018073
1106952018326
1106952020427
1106952022759
1106952023925
1106952024057
1106952024112
1106952024244
1106952024497
1106952024948
1106952026213
1106952026334
1106952026356
1106952026367
1106952026378
1106952027445
1106952027841
1106952028391
1106952029139
1106952029238
1106952029360
1106952029601
1106952029766
1106952032692
1107154000546
1107154000854
1107154000953
1107154001965
1107154004935
1107154006520
1107154006970
1107154006981
1107154007025
1107154007971
1107154008158
1107154009709
1107154009764
1107154010831
1107154011634
1107154014010
1107154014780
1107154016562
1107154016848
1107154016903
1107154019390
1107154020050
1107154020170
1107154020225
1107154021237
1107154022315
1107154022821
1107154023789
1107154025296
1107154025440
1107154025626
1107154026077
1107154026253
1107154026682
1107154026946
1107154028233
1107311000312
1107415000802
1107451007432
1107451009236
1107600000078
1107602000109
1107602000164
1107602000351
1107602001495
1107602002199
1107602003134
1107602003519
1107602004685
1107602005147
1107602005356
1107602006115
1107602006159
1107602006170
1107602006423
1107602006643
1107602006753
1107602007039
1107603000735
1107603001065
1107603001637
1107603001967
1107603002638
1107604001482
1107604001713
1107604002824
1107604003297
1107604003341
1107604004100
1107604005640
1107604005783
1107604009028
1107604009193
1107604009875
1107604009941
1107604010568
1107604010975
1107604011437
1107604012328
1107604012790
1107604012867
1107604015012
1107604016926
1107604017180
1107604017278
1107604017850
1107604018213
1107604018620
1107604018785
1107604019698
1107604020589
1107604020666
1107606002790
1107606002899
1107606002900
1107606002910
1107606002921
1107606003273
1107606003900
1107606005605
1107606005781
1107609000840
1107609000883
1107610000101
1107610000442
1107610000552
1107610000794
1107610001916
1107610003170
1107610004270
1107612000132
1107627000810
1107746001406
1107746006433
1107746016025
1107746020887
1107746023307
1107746028015
1107746030391
1107746030875
1107746032173
1107746039609
1107746040588
1107746041480
1107746044746
1107746047199
1107746048849
1107746053249
1107746056076
1107746061829
1107746080826
1107746081365
1107746083851
1107746086381
1107746087415
1107746089725
1107746101430
1107746102936
1107746110230
1107746110780
1107746115069
1107746115520
1107746115674
1107746117566
1107746124771
1107746140875
1107746141260
1107746141360
1107746141623
1107746149268
1107746150368
1107746152007
1107746153074
1107746155175
1107746158409
1107746159938
1107746171488
1107746177758
1107746179144
1107746189011
1107746191453
1107746191871
1107746192520
1107746199406
1107746203762
1107746205600
1107746215411
1107746218425
1107746220317
1107746221879
1107746223001
1107746224948
1107746229887
1107746232923
1107746233495
1107746233506
1107746233946
1107746239468
1107746242152
1107746243440
1107746247047
1107746249192
1107746251800
1107746254703
1107746265087
1107746272424
1107746272590
1107746272655
1107746275383
1107746277264
1107746277814
1107746279761
1107746283039
1107746292532
1107746293676
1107746295755
1107746295953
1107746296790
1107746296976
1107746299210
1107746307162
1107746310407
1107746313124
1107746315544
1107746316369
1107746320175
1107746338226
1107746347081
1107746350161
1107746350623
1107746350997
1107746353076
1107746355012
1107746355199
1107746356816
1107746368872
1107746372051
1107746375648
1107746380048
1107746391720
1107746404787
1107746409517
1107746411453
1107746411684
1107746413675
1107746418603
1107746420198
1107746420902
1107746428646
1107746431320
1107746432023
1107746436643
1107746439261
1107746445201
1107746464451
1107746466068
1107746467840
1107746469797
1107746471161
1107746472294
1107746473790
1107746479092
1107746482700
1107746482975
1107746484790
1107746485527
1107746491181
1107746491357
1107746493161
1107746494833
1107746499255
1107746499475
1107746504271
1107746506230
1107746506581
1107746508210
1107746510410
1107746513643
1107746514490
1107746516855
1107746518153
1107746519506
1107746519902
1107746521585
1107746528449
1107746532849
1107746533575
1107746539537
1107746540219
1107746541088
1107746541242
1107746542640
1107746542980
1107746545268
1107746555487
1107746556280
1107746557643
1107746560712
1107746561031
1107746561691
1107746565519
1107746574407
1107746575100
1107746580446
1107746584934
1107746588047
1107746588245
1107746590632
1107746594230
1107746594780
1107746597441
1107746597529
1107746599729
1107746601050
1107746602380
1107746609101
1107746609706
1107746614832
1107746615316
1107746617736
1107746619397
1107746630364
1107746633081
1107746635853
1107746636800
1107746638097
1107746638823
1107746645159
1107746647590
1107746647656
1107746647689
1107746648118
1107746649163
1107746655213
1107746655961
1107746692701
1107746699720
1107746701138
1107746702711
1107746704526
1107746704735
1107746705065
1107746705550
1107746713381
1107746716934
1107746730300
1107746735128
1107746744478
1107746744786
1107746745787
1107746745908
1107746746293
1107746754378
1107746754785
1107746756765
1107746757227
1107746758580
1107746759064
1107746765455
1107746774376
1107746775707
1107746775938
1107746777159
1107746781856
1107746788005
1107746790821
1107746795837
1107746797487
1107746798257
1107746801282
1107746802569
1107746807046
1107746820720
1107746823975
1107746825130
1107746825702
1107746826450
1107746827121
1107746832742
1107746833677
1107746852180
1107746853610
1107746862002
1107746863564
1107746864147
1107746864950
1107746867502
1107746872200
1107746879756
1107746893418
1107746895706
1107746901624
1107746903220
1107746905617
1107746912900
1107746920346
1107746920698
1107746920885
1107746926143
1107746926550
1107746927375
1107746930170
1107746932787
1107746937540
1107746939410
1107746941763
1107746942467
1107746946020
1107746961057
1107746963785
1107746964930
1107746967822
1107746968658
1107746969307
1107746971727
1107746972706
1107746974807
1107746975533
1107746975544
1107746976820
1107746976974
1107746978646
1107746982287
1107746982815
1107746990966
1107746993485
1107746996917
1107746997533
1107799022671
1107799025245
1107847025351
1107847046493
1107847076193
1107847088062
1107847117234
1107847152060
1107847183784
1107847191990
1107847192386
1107847267362
1107847283686
1107847306808
1107847325630
1107847339270
1107847357397
1107847357750
1107847362040
1107847367077
1107847384920
1107847389110
1108600001608
1108603023176
1108609000235
1109847014694
1109847016289
1110242000395
1110280002910
1110570000111
1110718001162
1111001005983
1111323000040
1111402000082
1111402000137
1111435004647
1111513000972
1111513001280
1111513004734
1111650000340
1111650006929
1111650011362
1111650024111
1111650024243
1111682001815
1111840015704
1111841011974
1111901005457
1112124000790
1112130004359
1112225005617
1112225009115
1112225012822
1112301002197
1112308007239
1112309004158
1112310006137
1112315015845
1112348001919
1112366001956
1112367003671
1112468050815
1112470000830
1112536009002
1112536021003
1112539001530
1112540001837
1112540004510
1112651004003
1112651007787
1112651010471
1112651024001
1112703005205
1112709000690
1112901003874
1112932002480
1113114000669
1113123003982
1113123016050
1113123016082
1113123016159
1113256002232
1113256014365
1113256016532
1113256018116
1113304001216
1113304003196
1113327003998
1113327009047
1113328004272
1113328004580
1113328005229
1113328011653
1113328011917
1113328012984
1113328013347
1113332001640
1113332003729
1113332003730
1113332003894
1113332007722
1113336001602
1113339000147
1113339000720
1113339006582
1113435010369
1113460003667
1113460005867
1113460007980
1113525002348
1113528000365
1113528000728
1113668023380
1113668036305
1113668046865
1113668050880
1113702007880
1113702019210
1113850007303
1113850015982
1113850053173
1113926021241
1113926029161
1113926029249
1113926029282
1113926029315
1114004000560
1114011000620
1114011001653
1114024000496
1114024000639
1114025000429
1114025000473
1114025002233
1114025002420
1114025002552
1114027000504
1114027000515
1114027001440
1114027001923
1114027002176
1114027003837
1114027003859
1114027004299
1114027005916
1114027006004
1114027007269
1114028001515
1114028002593
1114028003320
1114029000744
1114029001074
1114029001800
1114029002010
1114029002526
1114029003010
1114205001008
1114205040751
1114217012800
1114312002705
1114345000747
1114345044197
1114345048300
1114401002781
1114632008347
1114704000620
1114823003514
1114910002954
1115000000444
1115001004690
1115001005437
1115001005570
1115001007406
1115001008462
1115001008781
1115003000364
1115003000507
1115003007316
1115003007657
1115004003993
1115005001726
1115007005046
1115009002404
1115009002954
1115009004472
1115012001444
1115017002352
1115018000316
1115019002768
1115019003384
1115020001909
1115020002756
1115020006496
1115020006551
1115022001797
1115024005656
1115027001121
1115027003904
1115027006710
1115027007237
1115027008744
1115027013562
1115027016367
1115029000085
1115029002648
1115029006861
1115029010656
1115031003207
1115031007288
1115031007300
1115031008080
1115032000236
1115032002480
1115032003063
1115032003602
1115032005494
1115032008475
1115032010378
1115034001037
1115034002027
1115034002896
1115038003354
1115038006247
1115038008183
1115040006113
1115040008973
1115040009776
1115040010887
1115042005891
1115043006693
1115043007584
1115045002786
1115045004139
1115045004304
1115047003521
1115047006216
1115047008218
1115047009846
1115047011969
1115047012783
1115047012937
1115047016050
1115047017140
1115050000416
1115050006334
1115050009843
1115053001139
1115074000766
1115074002504
1115074002515
1115074005661
1115074005672
1115074016034
1115074016232
1115074016694
1115075000391
1115075000413
1115075000920
1115075001238
1115190004302
1115190012398
1115247000714
1115249005112
1115258000395
1115259005443
1115262023140
1115336000405
1115476012662
1115476024620
1115476087210
1115476094800
1115476111013
1115476111024
1115476143860
1115476160755
1115500002815
1115543005918
1115543012200
1115543024684
1115658014196
1115742000703
1115752000726
1115752001969
1115834002790
1115835002513
1115837002918
1115904005601
1116009000414
1116027007447
1116154005550
1116164004153
1116189000652
1116195010260
1116215000747
1116215000978
1116219000732
1116225000055
1116229000062
1116229000381
1116229001085
1116229002625
1116229003153
1116230000479
1116230001634
1116230002008
1116230003581
1116232000048
1116234000574
1116234001432
1116234002609
1116234002752
1116234004314
1116234004413
1116234005360
1116234008494
1116234008736
1116234008770
1116234008923
1116234009583
1116234009650
1116234009770
1116234009891
1116234010221
1116234011190
1116234011255
1116234013653
1116311008329
1116312011408
1116317007916
1116318002239
1116320004481
1116320021795
1116320026680
1116320030452
1116324004598
1116450011501
1116612002352
1116623005146
1116659007079
1116670002701
1116670007574
1116670027858
1116672002347
1116672010267
1116672018869
1116679005299
1116700000251
1116700000526
1116700000548
1116700000691
1116713000436
1116714000237
1116714000259
1116714000325
1116714000370
1116714000490
1116714000996
1116722000581
1116722000592
1116722000790
1116722001219
1116722001857
1116726001083
1116727000312
1116732000527
1116732000956
1116732001308
1116732002166
1116732004058
1116732004223
1116732004476
1116732004531
1116732005697
1116732008271
1116732008403
1116732009151
1116732010251
1116732010416
1116732010636
1116732010911
1116732011043
1116732011087
1116732011417
1116732011582
1116732012099
1116732012320
1116732014838
1116732014937
1116732015388
1116732015784
1116732016147
1116732016543
1116732016785
1116732017203
1116732018259
1116732018589
1116732018732
1116732019678
1116829007745
1116906000012
1116908003970
1116908005257
1116908005862
1116911000029
1116911001844
1116911001910
1116912000072
1116913001578
1116914003359
1116914003689
1116914003722
1116915001576
1116952000110
1116952001275
1116952002221
1116952002232
1116952002441
1116952002804
1116952003145
1116952003310
1116952003321
1116952003618
1116952003662
1116952003849
1116952005961
1116952007248
1116952008172
1116952008337
1116952008392
1116952010230
1116952010427
1116952013408
1116952015146
1116952016796
1116952020052
1116952024738
1116952033538
1116952033550
1116952034440
1116952044274
1116952045869
1116952048168
1116952054680
1116952054900
1116952055109
1116952055110
1116952055219
1116952056352
1116952057463
1116952060158
1116952061335
1116952075998
1116952077813
1116952078143
1116952078341
1116952078396
1116952078451
1116952079089
1117017021813
1117154002305
1117154002437
1117154002987
1117154003581
1117154003647
1117154004054
1117154004868
1117154005320
1117154005374
1117154006023
1117154009554
1117154009610
1117154011193
1117154011710
1117154011743
1117154011919
1117154013118
1117154013250
1117154013514
1117154013932
1117154015186
1117154017177
1117154017441
1117154017936
1117154018508
1117154018684
1117154018739
1117154018816
1117154018871
1117154020290
1117154020433
1117154020774
1117154021027
1117154021050
1117154021775
1117154022347
1117154022480
1117154023436
1117154023447
1117154025306
1117154025658
1117154025801
1117154026340
1117154026472
1117154028078
1117154028529
1117154029288
1117154029574
1117154030950
1117154035294
1117405000283
1117424001067
1117524000296
1117524000934
1117536000856
1117602001330
1117602001571
1117602001714
1117602003529
1117602004321
1117602004805
1117602007555
1117603001361
1117603002296
1117603002879
1117603003275
1117604000029
1117604000250
1117604002119
1117604002340
1117604003802
1117604003813
1117604003824
1117604003890
1117604004341
1117604004462
1117604005310
1117604006178
1117604006662
1117604007410
1117604007696
1117604007971
1117604008972
1117604010721
1117604010886
1117604011271
1117604012130
1117604013504
1117604013757
1117604014164
1117604014318
1117604015044
1117604015264
1117604015847
1117604017277
1117604017420
1117604017541
1117604020335
1117604021963
1117606000951
1117606000962
1117606001996
1117606002370
1117606004108
1117606005054
1117606005131
1117606005142
1117606005417
1117608001587
1117608001708
1117609000563
1117609001586
1117610000221
1117610003422
1117610004269
1117611000209
1117611000847
1117627000061
1117627000303
1117627001030
1117627001150
1117627001690
1117627002118
1117627002240
1117746000723
1117746000734
1117746000998
1117746001031
1117746011811
1117746012570
1117746019654
1117746019885
1117746025682
1117746026640
1117746034450
1117746037771
1117746045119
1117746057978
1117746063302
1117746064292
1117746070364
1117746073928
1117746082178
1117746084345
1117746098250
1117746100262
1117746105696
1117746106862
1117746108370
1117746113561
1117746114562
1117746118698
1117746118764
1117746120800
1117746124539
1117746131909
1117746136023
1117746139785
1117746143283
1117746151192
1117746153690
1117746155031
1117746159266
1117746164128
1117746169991
1117746173962
1117746179110
1117746184588
1117746185875
1117746188449
1117746191144
1117746192783
1117746196127
1117746202540
1117746209129
1117746212330
1117746224650
1117746227983
1117746230601
1117746232405
1117746232570
1117746232724
1117746235694
1117746237025
1117746239049
1117746239973
1117746246188
1117746248355
1117746249686
1117746252271
1117746254790
1117746256870
1117746262886
1117746266220
1117746267484
1117746268144
1117746272555
1117746273611
1117746285535
1117746290254
1117746294093
1117746294137
1117746297140
1117746298119
1117746298152
1117746299879
1117746307360
1117746307535
1117746314784
1117746315521
1117746316423
1117746316874
1117746321329
1117746321725
1117746321747
1117746325113
1117746327093
1117746333396
1117746340580
1117746344429
1117746344737
1117746347740
1117746351249
1117746354131
1117746359500
1117746368300
1117746373447
1117746375581
1117746384821
1117746386691
1117746391740
1117746393797
1117746398989
1117746418624
1117746420660
1117746421330
1117746433463
1117746433617
1117746433639
1117746439777
1117746441823
1117746449996
1117746454495
1117746455738
1117746455749
1117746464208
1117746471941
1117746488980
1117746493578
1117746493589
1117746493831
1117746501487
1117746501861
1117746502906
1117746505469
1117746510694
1117746515260
1117746522035
1117746526116
1117746528130
1117746528470
1117746530329
1117746550350
1117746557125
1117746559237
1117746559930
1117746560304
1117746562086
1117746564320
1117746569544
1117746573780
1117746578311
1117746582172
1117746582205
1117746582590
1117746582909
1117746589718
1117746600300
1117746605305
1117746613357
1117746617988
1117746619902
1117746621871
1117746622290
1117746626238
1117746629582
1117746632838
1117746636270
1117746646192
1117746649965
1117746652649
1117746653738
1117746658897
1117746670238
1117746673967
1117746681194
1117746682239
1117746682668
1117746684560
1117746686474
1117746691820
1117746692250
1117746698321
1117746712270
1117746715470
1117746731266
1117746738482
1117746739109
1117746748558
1117746750241
1117746760306
1117746764068
1117746771779
1117746780634
1117746780777
1117746782185
1117746791282
1117746794076
1117746798135
1117746799026
1117746799037
1117746809861
1117746812941
1117746818254
1117746822566
1117746827571
1117746830585
1117746830816
1117746831070
1117746831400
1117746843378
1117746845765
1117746854763
1117746856259
1117746856810
1117746858404
1117746866511
1117746869855
1117746880877
1117746881504
1117746889590
1117746892416
1117746895243
1117746903152
1117746906859
1117746916165
1117746918717
1117746921929
1117746926934
1117746927209
1117746931279
1117746933754
1117746941388
1117746943929
1117746947086
1117746949198
1117746950892
1117746957151
1117746974949
1117746975037
1117746979074
1117746984398
1117746985608
1117746995937
1117746997180
1117746999853
1117799010251
1117799023682
1117847006782
1117847028661
1117847040332
1117847052454
1117847086015
1117847086500
1117847088700
1117847123987
1117847145690
1117847145712
1117847161530
1117847163279
1117847163323
1117847180109
1117847249321
1117847253600
1117847257725
1117847341600
1117847393718
1117847504114
1117847526015
1117847526103
1117847530019
1117847532483
1117847532648
1117847533759
1117847534353
1117847599011
1117847600672
1117847656453
1118601001111
1118602000263
1118904006484
1120264000504
1120268002590
1120280029110
1120608000281
1120716000217
1120718001073
1121101012141
1121215007946
1121326000971
1121402000037
1121402000312
1121435000411
1121500000775
1121690023290
1121690032540
1121690066233
1121690071007
1121690073812
1121690086726
1121831000114
1121832005547
1121837000262
1121840002734
1121840008201
1121841006121
1122225002415
1122225009224
1122225010710
1122311000657
1122315001544
1122315003128
1122468048218
1122468049440
1122468055148
1122468062375
1122508000130
1122537004171
1122537005260
1122540000747
1122540001561
1122720002679
1122721008915
1122721012083
1122723007274
1122723008100
1122920001093
1123123003080
1123123004036
1123123013452
1123123020943
1123123021702
1123123021790
1123123022769
1123256007038
1123256018907
1123300000450
1123300001384
1123304000170
1123304000709
1123304000731
1123304001127
1123304001600
1123316000675
1123316000741
1123316001445
1123326000600
1123327001291
1123327003931
1123327004987
1123327005010
1123327005878
1123328002786
1123328002930
1123328003040
1123328004480
1123328004568
1123328005570
1123328006119
1123332000076
1123332000274
1123332000318
1123332002144
1123332002573
1123332003464
1123334000162
1123338000906
1123340001113
1123443000890
1123460006340
1123525012522
1123535000423
1123620000382
1123652000295
1123668007638
1123668056544
1123711001853
1123816000615
1123850017598
1123850033603
1123926018842
1123926035045
1123926038752
1124001000375
1124001000640
1124011000640
1124025000406
1124025000472
1124025000747
1124025002507
1124025004784
1124025004840
1124025005170
1124025005653
1124025005961
1124025006434
1124027000460
1124027001163
1124027002494
1124027003264
1124027003319
1124027003363
1124027004782
1124027004826
1124027004903
1124027005332
1124027005761
1124027005772
1124028000524
1124028003703
1124028003714
1124028004209
1124028005584
1124028005750
1124029000919
1124029001480
1124029001690
1124029003152
1124029003163
1124029003328
1124029003493
1124029004659
1124029004747
1124029004846
1124029006188
1124205014515
1124205015428
1124214001086
1124217000313
1124253000376
1124329000949
1124345010206
1124345022340
1124401002109
1124401003044
1124401009028
1124632014484
1124704004237
1124823008166
1125000000432
1125001001311
1125001003577
1125001003808
1125001005062
1125003001100
1125003001881
1125003002750
1125003005456
1125003011319
1125003025949
1125003025982
1125003026015
1125003026060
1125004001320
1125005000658
1125005002671
1125007003791
1125009001479
1125009001556
1125009003888
1125009005032
1125009005582
1125012004281
1125017000459
1125017001120
1125017001328
1125017003616
1125017003704
1125017003770
1125017005410
1125018002823
1125018008565
1125022000927
1125024002971
1125024004665
1125027000614
1125027012307
1125027013418
1125027013616
1125027013968
1125027017048
1125027017334
1125027018918
1125029000161
1125029001745
1125029002493
1125029004495
1125029005837
1125029009753
1125029010281
1125029010974
1125030001601
1125030002602
1125031001226
1125031002480
1125032001533
1125032001632
1125032002215
1125032002743
1125032006109
1125032008848
1125032008859
1125032010234
1125038010360
1125038010426
1125040000172
1125040000711
1125040001855
1125040002922
1125040002988
1125040006200
1125040006343
1125040007399
1125043001742
1125043003810
1125043004107
1125044002060
1125047000011
1125047000088
1125047002222
1125047004818
1125047010857
1125047013464
1125047013519
1125047014234
1125047015598
1125047017556
1125047019900
1125048001517
1125050008049
1125050009930
1125050011866
1125053002470
