1237700179045
1237700179166
1237700179276
1237700179342
1237700179386
1237700179639
1237700179859
1237700180079
1237700180080
1237700180728
1237700180937
1237700181212
1237700181256
1237700181278
1237700181520
1237700182026
1237700183600
1237700185238
1237700185360
1237700185470
1237700185634
1237700185777
1237700186173
1237700186536
1237700186679
1237700186833
1237700187174
1237700187537
1237700187702
1237700188131
1237700188142
1237700188990
1237700189209
1237700189517
1237700189539
1237700189650
1237700189814
1237700189913
1237700189946
1237700189980
1237700190254
1237700190958
1237700191431
1237700191552
1237700191684
1237700192014
1237700192685
1237700193169
1237700193576
1237700193950
1237700193994
1237700194071
1237700194379
1237700194600
1237700194962
1237700195370
1237700195468
1237700195810
1237700196392
1237700196470
1237700196580
1237700196656
1237700196690
1237700196942
1237700197184
1237700197206
1237700197448
1237700197460
1237700197800
1237700197822
1237700198196
1237700198493
1237700198757
1237700198999
1237700199648
1237700200330
1237700200385
1237700200495
1237700200935
1237700200990
1237700201001
1237700202277
1237700202772
1237700202850
1237700203520
1237700204730
1237700204818
1237700205270
1237700205423
1237700205643
1237700205819
1237700206039
1237700206083
1237700206116
1237700206358
1237700206974
1237700207161
1237700207392
1237700207546
1237700208030
1237700208426
1237700208547
1237700208657
1237700208712
1237700208987
1237700209086
1237700209251
1237700209449
1237700209900
1237700210142
1237700210208
1237700210472
1237700211330
1237700212078
1237700212221
1237700212397
1237700212749
1237700212750
1237700212804
1237700212837
1237700212848
1237700212859
1237700212969
1237700213190
1237700213288
1237700213486
1237700214113
1237700214388
1237700214894
1237700215125
1237700215180
1237700215466
1237700215554
1237700215983
1237700216423
1237700216445
1237700216632
1237700217391
1237700217446
1237700217842
1237700218172
1237700218238
1237700218425
1237700219338
1237700219415
1237700219536
1237700219877
1237700220427
1237700220548
1237700220713
1237700221131
1237700221241
1237700221384
1237700221417
1237700221516
1237700221747
1237700222330
1237700222407
1237700223155
1237700223595
1237700223958
1237700223980
1237700224035
1237700224178
1237700224365
1237700225014
1237700225399
1237700225575
1237700225586
1237700225949
1237700226235
1237700226301
1237700226587
1237700226774
1237700227687
1237700227863
1237700228105
1237700228512
1237700228633
1237700229150
1237700229293
1237700229667
1237700230668
1237700230745
1237700230789
1237700230877
1237700230943
1237700231009
1237700231230
1237700231317
1237700231460
1237700232637
1237700233297
1237700233462
1237700234562
1237700234980
1237700235079
1237700235277
1237700235410
1237700235464
1237700236180
1237700236630
1237700237334
1237700237367
1237700237730
1237700238588
1237700238852
1237700239083
1237700239127
1237700239215
1237700239237
1237700239248
1237700240040
1237700240249
1237700240271
1237700240690
1237700240931
1237700241019
1237700241074
1237700241130
1237700241371
1237700241756
1237700242053
1237700242097
1237700242471
1237700242560
1237700243010
1237700243220
1237700243263
1237700243373
1237700243560
1237700243681
1237700243703
1237700244143
1237700244286
1237700244385
1237700244517
1237700244682
1237700244814
1237700244858
1237700244891
1237700245056
1237700245254
1237700245980
1237700246871
1237700246926
1237700247135
1237700247201
1237700247212
1237700247707
1237700247751
1237700247828
1237700248213
1237700248477
1237700248631
1237700248719
1237700248884
1237700249170
1237700249456
1237700249522
1237700250061
1237700250314
1237700250512
1237700250523
1237700250919
1237700250920
1237700250930
1237700251062
1237700251095
1237700253086
1237700253240
1237700253340
1237700253504
1237700253746
1237700253757
1237700253900
1237700254000
1237700254065
1237700254098
1237700254439
1237700254681
1237700254879
1237700255550
1237700255924
1237700255935
1237700256760
1237700256793
1237700257178
1237700257387
1237700257651
1237700258773
1237700258861
1237700258938
1237700258993
1237700259301
1237700259422
1237700259444
1237700260621
1237700261040
1237700261193
1237700261358
1237700262030
1237700262491
1237700262535
1237700262590
1237700264262
1237700264450
1237700264471
1237700264603
1237700264757
1237700265032
1237700265110
1237700265868
1237700266088
1237700266220
1237700266242
1237700266528
1237700266880
1237700267012
1237700268365
1237700268442
1237700268893
1237700268915
1237700269070
1237700269180
1237700269399
1237700269454
1237700269718
1237700270169
1237700271368
1237700272061
1237700273040
1237700273051
1237700273304
1237700273326
1237700274745
1237700274833
1237700277550
1237700277946
1237700278067
1237700279002
1237700279464
1237700279520
1237700279629
1237700279948
1237700282159
1237700282270
1237700283512
1237700283831
1237700284590
1237700285129
1237700286856
1237700287208
1237700287220
1237700287318
1237700287505
1237700287880
1237700287890
1237700288022
1237700288044
1237700288385
1237700288682
1237700289045
1237700289287
1237700289750
1237700289815
1237700290860
1237700290893
1237700291322
1237700292114
1237700292224
1237700292796
1237700292972
1237700293247
1237700293951
1237700294150
1237700294710
1237700295062
1237700295348
1237700296305
1237700296382
1237700296547
1237700296558
1237700297251
1237700297273
1237700298417
1237700298681
1237700298901
1237700299066
1237700299320
1237700299649
1237700299671
1237700299682
1237700299748
1237700299946
1237700299980
1237700300045
1237700301959
1237700302333
1237700302366
1237700302564
1237700303840
1237700303906
1237700304005
1237700304170
1237700304918
1237700305710
1237700306326
1237700307261
1237700307690
1237700307932
1237700309208
1237700309582
1237700309681
1237700309747
1237700309780
1237700310704
1237700311144
1237700311782
1237700311848
1237700312134
1237700312244
1237700312519
1237700312651
1237700312893
1237700313729
1237700313751
1237700314851
1237700316138
1237700317414
1237700317425
1237700317733
1237700318350
1237700319416
1237700320241
1237700320923
1237700320990
1237700321253
1237700321880
1237700321935
1237700321990
1237700322144
1237700322771
1237700323024
1237700323190
1237700323629
1237700324179
1237700324982
1237700325521
1237700326390
1237700326962
1237700326984
1237700327281
1237700328689
1237700328931
1237700329382
1237700329437
1237700329987
1237700331307
1237700331472
1237700333628
1237700333782
1237700333881
1237700335025
1237700335157
1237700335652
1237700335839
1237700336180
1237700336774
1237700336796
1237700337192
1237700337489
1237700338622
1237700339073
1237700341097
1237700342076
1237700344518
1237700344529
1237700344970
1237700345596
1237700345695
1237700345805
1237700345816
1237700345904
1237700345948
1237700346421
1237700347389
1237700347862
1237700348357
1237700349985
1237700350360
1237700350436
1237700350678
1237700351635
1237700351899
1237700352010
1237700352262
1237700352273
1237700352779
1237700353736
1237700354242
1237700354506
1237700354682
1237700355859
1237700356189
1237700357036
1237700357180
1237700357443
1237700358675
1237700359709
1237700360523
1237700360633
1237700361403
1237700361425
1237700361480
1237700361645
1237700363999
1237700364021
1237700364054
1237700364340
1237700366364
1237700366463
1237700366925
1237700367002
1237700367486
1237700367541
1237700367607
1237700367630
1237700368707
1237700368883
1237700369191
1237700369587
1237700370137
1237700370313
1237700370380
1237700370731
1237700370896
1237700371776
1237700372579
1237700373184
1237700373570
1237700374340
1237700374361
1237700374669
1237700374812
1237700374933
1237700375109
1237700375549
1237700375879
1237700375978
1237700376770
1237700376836
1237700376913
1237700376946
1237700377034
1237700377562
1237700377573
1237700377705
1237700378112
1237700378266
1237700378860
1237700378915
1237700379311
1237700379685
1237700379795
1237700382259
1237700382424
1237700382435
1237700384129
1237700385196
1237700385691
1237700385834
1237700386318
1237700386472
1237700386527
1237700386560
1237700389508
1237700389816
1237700390256
1237700390938
1237700390971
1237700391180
1237700391191
1237700391312
1237700391367
1237700392060
1237700392181
1237700392544
1237700392599
1237700392984
1237700393358
1237700393402
1237700394238
1237700395360
1237700395789
1237700395921
1237700396504
1237700397450
1237700398033
1237700398540
1237700398880
1237700399155
1237700399199
1237700399243
1237700400090
1237700401113
1237700401366
1237700401388
1237700401498
1237700402477
1237700402774
1237700402818
1237700402917
1237700404182
1237700404732
1237700405227
1237700405480
1237700405502
1237700406910
1237700406932
1237700407009
1237700407801
1237700408197
1237700409638
1237700410760
1237700411145
1237700411321
1237700412652
1237700414115
1237700414775
1237700415215
1237700416205
1237700416436
1237700416458
1237700416470
1237700417173
1237700417404
1237700418053
1237700418790
1237700419010
1237700420528
1237700420539
1237700420572
1237700422398
1237700422508
1237700423730
1237700423905
1237700423971
1237700424510
1237700424610
1237700425423
1237700425600
1237700425819
1237700425973
1237700426523
1237700427051
1237700427876
1237700428184
1237700428954
1237700428976
1237700429020
1237700429097
1237700429735
1237700429922
1237700430032
1237700430220
1237700431231
1237700431385
1237700431418
1237700432100
1237700432640
1237700432650
1237700433398
1237700433717
1237700433838
1237700434454
1237700435356
1237700435763
1237700435961
1237700436115
1237700436863
1237700437336
1237700437578
1237700437886
1237700437897
1237700438172
1237700439030
1237700440339
1237700441747
1237700442143
1237700442869
1237700444167
1237700444960
1237700445069
1237700446147
1237700446202
1237700447005
1237700447181
1237700447445
1237700447577
1237700449150
1237700449315
1237700450756
1237700451526
1237700452527
1237700452978
1237700453220
1237700454364
1237700455321
1237700456762
1237700456828
1237700456949
1237700457070
1237700457290
1237700458423
1237700459699
1237700462361
1237700463220
1237700463538
1237700463659
1237700465771
1237700465782
1237700466585
1237700466740
1237700468422
1237700468940
1237700468972
1237700469115
1237700470050
1237700470556
1237700472426
1237700472591
1237700473560
1237700474065
1237700474087
1237700474109
1237700475100
1237700475825
1237700476848
1237700477673
1237700478113
1237700478905
1237700478927
1237700479830
1237700480357
1237700480555
1237700481809
1237700481810
1237700481820
1237700482040
1237700482095
1237700482106
1237700482348
1237700482359
1237700482360
1237700482403
1237700482579
1237700483074
1237700483305
1237700483316
1237700483327
1237700483338
1237700483349
1237700483350
1237700483360
1237700483371
1237700483382
1237700483393
1237700485285
1237700485956
1237700486451
1237700486726
1237700487090
1237700487133
1237700487980
1237700488530
1237700488684
1237700490147
1237700490158
1237700491170
1237700491654
1237700492150
1237700492314
1237700492556
1237700493502
1237700493722
1237700494349
1237700494350
1237700494415
1237700495823
1237700496395
1237700496615
1237700496637
1237700497297
1237700497407
1237700498969
1237700499387
1237700499420
1237700501532
1237700503248
1237700503930
1237700504249
1237700504260
1237700506207
1237700506229
1237700506999
1237700507318
1237700507813
1237700508198
1237700508561
1237700510080
1237700510453
1237700510475
1237700510695
1237700511014
1237700512378
1237700513192
1237700514446
1237700514480
1237700514897
1237700514908
1237700514919
1237700514920
1237700515007
1237700515678
1237700516151
1237700516998
1237700517009
1237700517064
1237700517350
1237700518076
1237700519132
1237700519154
1237700519594
1237700520122
1237700520584
1237700520727
1237700520749
1237700522179
1237700522510
1237700522620
1237700522894
1237700523906
1237700523917
1237700524093
1237700524379
1237700524445
1237700524456
1237700524885
1237700524984
1237700527261
1237700528372
1237700528394
1237700528416
1237700528427
1237700528493
1237700528515
1237700528537
1237700528559
1237700528560
1237700528570
1237700528581
1237700528768
1237700528834
1237700530605
1237700530737
1237700530913
1237700531540
1237700531826
1237700533432
1237700533487
1237700533696
1237700533795
1237700534367
1237700534389
1237700534390
1237700535445
1237700535610
1237700535709
1237700536237
1237700536479
1237700537205
1237700538130
1237700538646
1237700539427
1237700539669
1237700539955
1237700540406
1237700540615
1237700540769
1237700540802
1237700541792
1237700542640
1237700543190
1237700543717
1237700544190
1237700544432
1237700544553
1237700544982
1237700545345
1237700545500
1237700545720
1237700546050
1237700546126
1237700546610
1237700546632
1237700546643
1237700546676
1237700547303
1237700547380
1237700547512
1237700548612
1237700549052
1237700549151
1237700549437
1237700549460
1237700549470
1237700549481
1237700549602
1237700550108
1237700551110
1237700552154
1237700552682
1237700553639
1237700554013
1237700554519
1237700554860
1237700555157
1237700555212
1237700555883
1237700556125
1237700556389
1237700556719
1237700556796
1237700557313
1237700557456
1237700558523
1237700558919
1237700559183
1237700559194
1237700559205
1237700559238
1237700559250
1237700559260
1237700559304
1237700559326
1237700559337
1237700559557
1237700560085
1237700560745
1237700560932
1237700561174
1237700562010
1237700562330
1237700562472
1237700562770
1237700563198
1237700563418
1237700563430
1237700563451
1237700563650
1237700563671
1237700564023
1237700564133
1237700564144
1237700564870
1237700564914
1237700565552
1237700565860
1237700566223
1237700567411
1237700568016
1237700568907
1237700568951
1237700569028
1237700569061
1237700569072
1237700570084
1237700570557
1237700571129
1237700571195
1237700571635
1237700571646
1237700573659
1237700575001
1237700575232
1237700575320
1237700575870
1237700576035
1237700576123
1237700576189
1237700576365
1237700576640
1237700576772
1237700577421
1237700577531
1237700577542
1237700577883
1237700579478
1237700580138
1237700580259
1237700580260
1237700580270
1237700580292
1237700580303
1237700580380
1237700580644
1237700581029
1237700581140
1237700581359
1237700582129
1237700582921
1237700583735
1237700583966
1237700584351
1237700584439
1237700584494
1237700584681
1237700584747
1237700584879
1237700585430
1237700585980
1237700586970
1237700587068
1237700587079
1237700587134
1237700587190
1237700590214
1237700590313
1237700591260
1237700591424
1237700592260
1237700592744
1237700592755
1237700592766
1237700592799
1237700594680
1237700594845
1237700594856
1237700594889
1237700595604
1237700595660
1237700596528
1237700598080
1237700598740
1237700599950
1237700600048
1237700601456
1237700602457
1237700602578
1237700602743
1237700605317
1237700606362
1237700607891
1237700608122
1237700609992
1237700610036
1237700610146
1237700610927
1237700612775
1237700612820
1237700617472
1237700618210
1237700618517
1237700618891
1237700619342
1237700620321
1237700620629
1237700622631
1237700622653
1237700623027
1237700623599
1237700623929
1237700624567
1237700624590
1237700624886
1237700625436
1237700625502
1237700626459
1237700626547
1237700626646
1237700626657
1237700626690
1237700627394
1237700628065
1237700628208
1237700630705
1237700632289
1237700632421
1237700632443
1237700632861
1237700633224
1237700633290
1237700633345
1237700633367
1237700633455
1237700633796
1237700636315
1237700636579
1237700636623
1237700636920
1237700637085
1237700637460
1237700638438
1237700638724
1237700639252
1237700639769
1237700640121
1237700640132
1237700640561
1237700640803
1237700640880
1237700641111
1237700641496
1237700642640
1237700643443
1237700644147
1237700644158
1237700644830
1237700644840
1237700645490
1237700646237
1237700646468
1237700646688
1237700646930
1237700646952
1237700649450
1237700650582
1237700650593
1237700650769
1237700650780
1237700651231
1237700651869
1237700652815
1237700652826
1237700653464
1237700653552
1237700653596
1237700653860
1237700654091
1237700654102
1237700654124
1237700654146
1237700657303
1237700657732
1237700658139
1237700658854
1237700658876
1237700659272
1237700659470
1237700659998
1237700660460
1237700660823
1237700660911
1237700662440
1237700662627
1237700662760
1237700662770
1237700663298
1237700663309
1237700663342
1237700663463
1237700663595
1237700663760
1237700663870
1237700664420
1237700664740
1237700665553
1237700667566
1237700667995
1237700668237
1237700668710
1237700669271
1237700669359
1237700669590
1237700669722
1237700671042
1237700671064
1237700671614
1237700671735
1237700671779
1237700671856
1237700672230
1237700672384
1237700672395
1237700672406
1237700672417
1237700672835
1237700672880
1237700672912
1237700672923
1237700672956
1237700672967
1237700673154
1237700673242
1237700673253
1237700673264
1237700673275
1237700673495
1237700674034
1237700674309
1237700674310
1237700674518
1237700674606
1237700674639
1237700674738
1237700675871
1237700676058
1237700676223
1237700676498
1237700676510
1237700676730
1237700677114
1237700677928
1237700677940
1237700677950
1237700678181
1237700678203
1237700678247
1237700678390
1237700678511
1237700678522
1237700678709
1237700679171
1237700679501
1237700680337
1237700681459
1237700684044
1237700684121
1237700684176
1237700684870
1237700685265
1237700685408
1237700685650
1237700685826
1237700685860
1237700687113
1237700687300
1237700687916
1237700689610
1237700690061
1237700690150
1237700690578
1237700691172
1237700691194
1237700691469
1237700691491
1237700691601
1237700691623
1237700691689
1237700691690
1237700691711
1237700691733
1237700691744
1237700691755
1237700691766
1237700691777
1237700691788
1237700691799
1237700691800
1237700691810
1237700691821
1237700691832
1237700691843
1237700691865
1237700691876
1237700691898
1237700691909
1237700692162
1237700692173
1237700692184
1237700692195
1237700692206
1237700692217
1237700692228
1237700692239
1237700692250
1237700692261
1237700692272
1237700692283
1237700692294
1237700692305
1237700692316
1237700692327
1237700692338
1237700692349
1237700692350
1237700692360
1237700692371
1237700692382
1237700692393
1237700692404
1237700692415
1237700692426
1237700692437
1237700692448
1237700692459
1237700692460
1237700692470
1237700692481
1237700692492
1237700692503
1237700692514
1237700692525
1237700692536
1237700692547
1237700694901
1237700697354
1237700697585
1237700697596
1237700697607
1237700697618
1237700697629
1237700697630
1237700697640
1237700697651
1237700697662
1237700697673
1237700697926
1237700697970
1237700698157
1237700698223
1237700698234
1237700699060
1237700700027
1237700701215
1237700701842
1237700701853
1237700701897
1237700703019
1237700703173
1237700703525
1237700704152
1237700704262
1237700704790
1237700705120
1237700705131
1237700706847
1237700707980
1237700708519
1237700709091
1237700709366
1237700710290
1237700710510
1237700710609
1237700710807
1237700712050
1237700712336
1237700713359
1237700715284
1237700715702
1237700716175
1237700717473
1237700719783
1237700719827
1237700719893
1237700720267
1237700720388
1237700720597
1237700720905
1237700720927
1237700720938
1237700720950
1237700720982
1237700721004
1237700721543
1237700722082
1237700722236
1237700722324
1237700722346
1237700722434
1237700722445
1237700722489
1237700722599
1237700722797
1237700722808
1237700722819
1237700722820
1237700722830
1237700723094
1237700724271
1237700726097
1237700726284
1237700726493
1237700726504
1237700726581
1237700726592
1237700726780
1237700726823
1237700726944
1237700726955
1237700727010
1237700727076
1237700727087
1237700727098
1237700727109
1237700727110
1237700727120
1237700727318
1237700727362
1237700727373
1237700727384
1237700727406
1237700727417
1237700727428
1237700727439
1237700727440
1237700727450
1237700727472
1237700727483
1237700727494
1237700727516
1237700727527
1237700727736
1237700727824
1237700727879
1237700727901
1237700727923
1237700728286
1237700729166
1237700730354
1237700730607
1237700732191
1237700732400
1237700732500
1237700732620
1237700733368
1237700733632
1237700734831
1237700734886
1237700734996
1237700735117
1237700735128
1237700735293
1237700735392
1237700735832
1237700736943
1237700737251
1237700737548
1237700737647
1237700737680
1237700737735
1237700737768
1237700737999
1237700738241
1237700738252
1237700738516
1237700738527
1237700739132
1237700739143
1237700739231
1237700739385
1237700739484
1237700739495
1237700739506
1237700739517
1237700739528
1237700739627
1237700740892
1237700741123
1237700742971
1237700744434
1237700745116
1237700746920
1237700746931
1237700746942
1237700746964
1237700746986
1237700747349
1237700747360
1237700747492
1237700747547
1237700747767
1237700747778
1237700747790
1237700747811
1237700747987
1237700748009
1237700748010
1237700748120
1237700748130
1237700748141
1237700748152
1237700748163
1237700748185
1237700748251
1237700748295
1237700748317
1237700748328
1237700748339
1237700748350
1237700748493
1237700748603
1237700748680
1237700748724
1237700748757
1237700749110
1237700749120
1237700749131
1237700749252
1237700749329
1237700749483
1237700749516
1237700749660
1237700750220
1237700750242
1237700750264
1237700750297
1237700750572
1237700750583
1237700750605
1237700750660
1237700751200
1237700751551
1237700751947
1237700752717
1237700752816
1237700752959
1237700752960
1237700752992
1237700753025
1237700753069
1237700753179
1237700753344
1237700753355
1237700753840
1237700753883
1237700753960
1237700754060
1237700754092
1237700754103
1237700754114
1237700754983
1237700754994
1237700755005
1237700755016
1237700755027
1237700755038
1237700755049
1237700755050
1237700755060
1237700755071
1237700755082
1237700755093
1237700755104
1237700755115
1237700755126
1237700755137
1237700755148
1237700755159
1237700755621
1237700757040
1237700757458
1237700757469
1237700757470
1237700757480
1237700757491
1237700757910
1237700759944
1237700761836
1237700762375
1237700762639
1237700763035
1237700763717
1237700763871
1237700763882
1237700763893
1237700764916
1237700765004
1237700765279
1237700765720
1237700765730
1237700765807
1237700765994
1237700766027
1237700766050
1237700766082
1237700766346
1237700766380
1237700767347
1237700767457
1237700767699
1237700767700
1237700767776
1237700767842
1237700768183
1237700768667
1237700768755
1237700771010
1237700771274
1237700771384
1237700771934
1237700772231
1237700773166
1237700773177
1237700773188
1237700774486
1237700775377
1237700776048
1237700776818
1237700777368
1237700778798
1237700778842
1237700778864
1237700779216
1237700779381
1237700779425
1237700779458
1237700779480
1237700779580
1237700779755
1237700779931
1237700780350
1237700780382
1237700780976
1237700780998
1237700781031
1237700781306
1237700781670
1237700782593
1237700783385
1237700783430
1237700783506
1237700783913
1237700785750
1237700786201
1237700788830
1237700789006
1237700789039
1237700789040
1237700789050
1237700789072
1237700789150
1237700789480
1237700789831
1237700790117
1237700791096
1237700791624
1237700792526
1237700792746
1237700793516
1237700793604
1237700793626
1237700793659
1237700793770
1237700793880
1237700793956
1237700794033
1237700794066
1237700794100
1237700794110
1237700794121
1237700794462
1237700794484
1237700794968
1237700795562
1237700795606
1237700795650
1237700795672
1237700798070
1237700798092
1237700798147
1237700798191
1237700798213
1237700798246
1237700798257
1237700798280
1237700798290
1237700798378
1237700798400
1237700798422
1237700798664
1237700798675
1237700798686
1237700798708
1237700798829
1237700798950
1237700798961
1237700798994
1237700799005
1237700799049
1237700799456
1237700799467
1237700799500
1237700799555
1237700799588
1237700799632
1237700799665
1237700799698
1237700799720
1237700799742
1237700799775
1237700799819
1237700800072
1237700800094
1237700800116
1237700800127
1237700800259
1237700800270
1237700800457
1237700800468
1237700800479
1237700800490
1237700800721
1237700800754
1237700800930
1237700801117
1237700801150
1237700801524
1237700801580
1237700801964
1237700802107
1237700802492
1237700802569
1237700802591
1237700802657
1237700802679
1237700802701
1237700802745
1237700802855
1237700802900
1237700802921
1237700802976
1237700803042
1237700803075
1237700803097
1237700803108
1237700803119
1237700803130
1237700803141
1237700803152
1237700803174
1237700803185
1237700803207
1237700803240
1237700803295
1237700803340
1237700803383
1237700803438
1237700803559
1237700803560
1237700803570
1237700803581
1237700803592
1237700803603
1237700803614
1237700803625
1237700803669
1237700803691
1237700803757
1237700803768
1237700803790
1237700803801
1237700803812
1237700803845
1237700803856
1237700803878
1237700803890
1237700803900
1237700803999
1237700804076
1237700804087
1237700804110
1237700804131
1237700804142
1237700804153
1237700804296
1237700804318
1237700804428
1237700804440
1237700804527
1237700804549
1237700804626
1237700804725
1237700804813
1237700804879
1237700804912
1237700806606
1237700808674
1237700808730
1237700809708
1237700810192
1237700810258
1237700810379
1237700810775
1237700810786
1237700811083
1237700811292
1237700811589
1237700811897
1237700811908
1237700812799
1237700812800
1237700812810
1237700812964
1237700812997
1237700813052
1237700813261
1237700813294
1237700813305
1237700813701
1237700813778
1237700814230
1237700814460
1237700814812
1237700814878
1237700815000
1237700815087
1237700815110
1237700815131
1237700815307
1237700815648
1237700815912
1237700816088
1237700816264
1237700816539
1237700816572
1237700816836
1237700816869
1237700816870
1237700816913
1237700816946
1237700817397
1237700818266
1237700818354
1237700818552
1237700818717
1237700818860
1237700819036
1237700819652
1237700819740
1237700819751
1237700819839
1237700819883
1237700820488
1237700821181
1237700821313
1237700821335
1237700821710
1237700821852
1237700822083
1237700822391
1237700822699
1237700822721
1237700823007
1237700823194
1237700823293
1237700823580
1237700823788
1237700823942
1237700823953
1237700825405
1237700825416
1237700825427
1237700825438
1237700825449
1237700825460
1237700825482
1237700825493
1237700825504
1237700825515
1237700825548
1237700825559
1237700825560
1237700825581
1237700825592
1237700825625
1237700825702
1237700825746
1237700825768
1237700825823
1237700825966
1237700827198
1237700827352
1237700827550
1237700827858
1237700828177
1237700828353
1237700828419
1237700828837
1237700829068
1237700829079
1237700829200
1237700829222
1237700829266
1237700829354
1237700829585
1237700832291
1237700832313
1237700832874
1237700833480
1237700834051
1237700834183
1237700835393
1237700835657
1237700835767
1237700835943
1237700836042
1237700836702
1237700836845
1237700837065
1237700837384
1237700837604
1237700838352
1237700838506
1237700838660
1237700838913
1237700839705
1237700839947
1237700840112
1237700840596
1237700840607
1237700840629
1237700840739
1237700840740
1237700840827
1237700840838
1237700840849
1237700840850
1237700841377
1237700841388
1237700841400
1237700841454
1237700842092
1237700842367
1237700842444
1237700842466
1237700842708
1237700842741
1237700843137
1237700843160
1237700843170
1237700843313
1237700844248
1237700844358
1237700844391
1237700844875
1237700845304
1237700845678
1237700846096
1237700846305
1237700846525
1237700846679
1237700846690
1237700846877
1237700847108
1237700847460
1237700847548
1237700847724
1237700848978
1237700849033
1237700849055
1237700849088
1237700849100
1237700849143
1237700849176
1237700849209
1237700849242
1237700849253
1237700849297
1237700849462
1237700849484
1237700849506
1237700849539
1237700849649
1237700849650
1237700849671
1237700849682
1237700849693
1237700849704
1237700849715
1237700849726
1237700849979
1237700850001
1237700850023
1237700850386
1237700850507
1237700851816
1237700852091
1237700852278
1237700852289
1237700853598
1237700853862
1237700855182
1237700855424
1237700855468
1237700857052
1237700857371
1237700857570
1237700857679
1237700857976
1237700858207
1237700858460
1237700858471
1237700858482
1237700858493
1237700858504
1237700858515
1237700858614
1237700858680
1237700858713
1237700858768
1237700858801
1237700858856
1237700858890
1237700858922
1237700858933
1237700859010
1237700859043
1237700859076
1237700859175
1237700859186
1237700859230
1237700859241
1237700859252
1237700859263
1237700859274
1237700859285
1237700859296
1237700859307
1237700859318
1237700859329
1237700859340
1237700859351
1237700859362
1237700859373
1237700859384
1237700859395
1237700859406
1237700860814
1237700860836
1237700860957
1237700861067
1237700861310
1237700861749
1237700861859
1237700861870
1237700862728
1237700862761
1237700862827
1237700863113
1237700863432
1237700863630
1237700864070
1237700864906
1237700865775
1237700865830
1237700865973
1237700866347
1237700866534
1237700866864
1237700866875
1237700867040
1237700867084
1237700867095
1237700867260
1237700867470
1237700867689
1237700867964
1237700868404
1237700868976
1237700869526
1237700870010
1237700870769
1237700870770
1237700870780
1237700870791
1237700870802
1237700870813
1237700870824
1237700870835
1237700870846
1237700870857
1237700870868
1237700870879
1237700870880
1237700870890
1237700870901
1237700870912
1237700870923
1237700870945
1237700870956
1237700870967
1237700870978
1237700870989
1237700870990
1237700871000
1237700871011
1237700871055
1237700871066
1237700871077
1237700871088
1237700871099
1237700871110
1237700871132
1237700871143
1237700871154
1237700871165
1237700871176
1237700871198
1237700871209
1237700871210
1237700871220
1237700871231
1237700871253
1237700871264
1237700871275
1237700872045
1237700872397
1237700872419
1237700872463
1237700872507
1237700872540
1237700872551
1237700872573
1237700872617
1237700872639
1237700872683
1237700872738
1237700872749
1237700872771
1237700872837
1237700872848
1237700872859
1237700872860
1237700872914
1237700873024
1237700873365
1237700873387
1237700873398
1237700873409
1237700873431
1237700873453
1237700873530
1237700873541
1237700873563
1237700873574
1237700873607
1237700873629
1237700873673
1237700874124
1237700874135
1237700874652
1237700874685
1237700874950
1237700875169
1237700875807
1237700875840
1237700876676
1237700876863
1237700877347
1237700877370
1237700877468
1237700877677
1237700877809
1237700877875
1237700877941
1237700879646
1237700880339
1237700880493
1237700881054
1237700881252
1237700881505
1237700881880
1237700882363
1237700882407
1237700882913
1237700882957
1237700883111
1237700883518
1237700883595
1237700884838
1237700885003
1237700885058
1237700885069
1237700886202
1237700886301
1237700886422
1237700886433
1237700886455
1237700887577
1237700887599
1237700887698
1237700887820
1237700888040
1237700888215
1237700888259
1237700888370
1237700888556
1237700888908
1237700888941
1237700888963
1237700889007
1237700889062
1237700889139
1237700889250
1237700889348
1237700889524
1237700889931
1237700889942
1237700889975
1237700890041
1237700890118
1237700890602
1237700890657
1237700891361
1237700891372
1237700891636
1237700891647
1237700891658
1237700893253
1237700893286
1237700893396
1237700893440
1237700893870
1237700893902
1237700894188
1237700894221
1237700894320
1237700894518
1237700894530
1237700894540
1237700894551
1237700894639
1237700895354
1237700895409
1237700895420
1237700895520
1237700895783
1237700895816
1237700895827
1237700895882
1237700895970
1237700896025
1237700896190
1237700896476
1237700896509
1237700896542
1237700896553
1237700896575
1237700896619
1237700896641
1237700896806
1237700897060
1237700897070
1237700897312
1237700897378
1237700897400
1237700897411
1237700897444
1237700897488
1237700897510
1237700897554
1237700897587
1237700897620
1237700897763
1237700897840
1237700897917
1237700897939
1237700898643
1237700899424
1237700900470
1237700900590
1237700900722
1237700900755
1237700900788
1237700900865
1237700901074
1237700901151
1237700901173
1237700901602
1237700901954
1237700902031
1237700902120
1237700902163
1237700902196
1237700902295
1237700902658
1237700905331
1237700905474
1237700905496
1237700905529
1237700905530
1237700905540
1237700905551
1237700905562
1237700905573
1237700905584
1237700905595
1237700905606
1237700905617
1237700905628
1237700905639
1237700905640
1237700905650
1237700905661
1237700905672
1237700905683
1237700905694
1237700905705
1237700905716
1237700905727
1237700905749
1237700905771
1237700905782
1237700905804
1237700905815
1237700905837
1237700905860
1237700905969
1237700906013
1237700906080
1237700906156
1237700906300
1237700906409
1237700906574
1237700906585
1237700906607
1237700906618
1237700906629
1237700906630
1237700906651
1237700906673
1237700906684
1237700906706
1237700906750
1237700906772
1237700906827
1237700906992
1237700907091
1237700907146
1237700907179
1237700907256
1237700907267
1237700907400
1237700907487
1237700907542
1237700907597
1237700907619
1237700907620
1237700907641
1237700907652
1237700907674
1237700907696
1237700907707
1237700907718
1237700907751
1237700907861
1237700908180
1237700908389
1237700908532
1237700908554
1237700908565
1237700908763
1237700908774
1237700908785
1237700908807
1237700908818
1237700908830
1237700909060
1237700909071
1237700909082
1237700909093
1237700909104
1237700909126
1237700909159
1237700909160
1237700909270
1237700909291
1237700909313
1237700909710
1237700909786
1237700909874
1237700909995
1237700910380
1237700911150
1237700911161
1237700911172
1237700911249
1237700911250
1237700912052
1237700912063
1237700912756
1237700912800
1237700912866
1237700912877
1237700912899
1237700912900
1237700913119
1237700913230
1237700914626
1237700915132
1237700915341
1237700915583
1237700915825
1237700915946
1237700916265
1237700916342
1237700916353
1237700916375
1237700916397
1237700916474
1237700917552
1237700917728
1237700917805
1237700917860
1237700918630
1237700919059
1237700919070
1237700919125
1237700919169
1237700919191
1237700919257
1237700919268
1237700919280
1237700919356
1237700919367
1237700919389
1237700919422
1237700919466
1237700919488
1237700919499
1237700919543
1237700919720
1237700919741
1237700919818
1237700919862
1237700919906
1237700919940
1237700920423
1237700920511
1237700920588
1237700920599
1237700920632
1237700920643
1237700920687
1237700920698
1237700920731
1237700920797
1237700920819
1237700920852
1237700920885
1237700920929
1237700920951
1237700920973
1237700921116
1237700921150
1237700921248
1237700921260
1237700921270
1237700921292
1237700921600
1237700921611
1237700921721
1237700923019
1237700923107
1237700923426
1237700923503
1237700923570
1237700923635
1237700923723
1237700926781
1237700926990
1237700927001
1237700927012
1237700927023
1237700927034
1237700927111
1237700927122
1237700927188
1237700927221
1237700927232
1237700927331
1237700927375
1237700927397
1237700927408
1237700927419
1237700927430
1237700927452
1237700927485
1237700927518
1237700927530
1237700927551
1237700927595
1237700927628
1237700927640
1237700927650
1237700927672
1237700927705
1237700927859
1237700927860
1237700927881
1237700927892
1237700927903
1237700927970
1237700927991
1237700928013
1237700928035
1237700928057
1237700928068
1237700928112
1237700928123
1237700928145
1237700928156
1237700928387
1237700928508
1237700928552
1237700928563
1237700928574
1237700928585
1237700928596
1237700928607
1237700928618
1237700928629
1237700928662
1237700933360
1237700933392
1237700933865
1237700933887
1237700933898
1237700933953
1237700934063
1237700934096
1237700934107
1237700934129
1237700934151
1237700934162
1237700934184
1237700934228
1237700934327
1237700934338
1237700934492
1237700934680
1237700935450
1237700936747
1237700937330
1237700937341
1237700937352
1237700937374
1237700937407
1237700937473
1237700937682
1237700937726
1237700937814
1237700937825
1237700937869
1237700937870
1237700937891
1237700937902
1237700937913
1237700937924
1237700937946
1237700937968
1237700938012
1237700938034
1237700938200
1237700938210
1237700938221
1237700938265
1237700938287
1237700938309
1237700938310
1237700938320
1237700938331
1237700938342
1237700938353
1237700938375
1237700938397
1237700938430
1237700938441
1237700938452
1237700938463
1237700938705
1237700938749
1237700938837
1237700938881
1237700938914
1237700938936
1237700938947
1237700938958
1237700938969
1237700939728
1237700940168
1237700940344
1237700940696
1237700941631
1237700942093
1237700942148
1237700943435
1237700943590
1237700943677
1237700943853
1237700944458
1237700945635
1237700945679
1237700945943
1237700946438
1237700946647
1237700946768
1237700946911
1237700946922
1237700946955
1237700946966
1237700946977
1237700946988
1237700946999
1237700947000
1237700947010
1237700947032
1237700947054
1237700948143
1237700948154
1237700949023
1237700949034
1237700949408
1237700949420
1237700949430
1237700949441
1237700949452
1237700949474
1237700949485
1237700949496
1237700949507
1237700949518
1237700949529
1237700949530
1237700949540
1237700949551
1237700949562
1237700949573
1237700949584
1237700949595
1237700949617
1237700949628
1237700949639
1237700949640
1237700949650
1237700949661
1237700949672
1237700949683
1237700949705
1237700949958
1237700950354
1237700950409
1237700950410
1237700951322
1237700951410
1237700951663
1237700953357
1237700954083
1237700954094
1237700954468
1237700954622
1237700955502
1237800000350
1237800028190
1237800040840
1237800041610
1237800066580
1237800079351
1237800082376
1237800094806
1237800094817
1237800097457
1237800099921
1237800121130
1237800128312
1237800144010
1237800144020
1237800145648
1239000007850
1239100015846
1239200003822
1239300004107
1239300004415
1239300013721
1240100000326
1240600004193
1240800002728
1240800003620
1240800004301
1240800004961
1240800011143
1241600014700
1241600020199
1241800004324
1241800015709
1242200015749
1242300012900
1242300014604
1242300036274
1242300055073
1242500000841
1242500004394
1242500016989
1242500023226
1242500028957
1242800008384
1242900003060
1243100004861
1243100006380
1243300000855
1243300001746
1243300002560
1243300002923
1243300003066
1243300003099
1243300003187
1243300003320
1243300003627
1243300004111
1243300004760
1243300005024
1243300007224
1243300008643
1243300010172
1243300010645
1243300010755
1243300010865
1243500002657
1243500003251
1243500003328
1243500003746
1243500004637
1243800022421
1244000000793
1244000000860
1244000001112
1244000001190
1244000001508
1244000001761
1244000002333
1244000002410
1244000003158
1244000003488
1244000003807
1244000003940
1244000005413
1244000005963
1244000007514
1244000007932
1244000009000
1244000009560
1244000010539
1244000010594
1244200011330
1244200016125
1244600000094
1244700012094
1244700035260
1245000001014
1245000002851
1245000004127
1245000006943
1245000010100
1245000010111
1245000010155
1245000010166
1245000010177
1245000010815
1245000011410
1245000011508
1245000012971
1245000013356
1245000016590
1245000016832
1245000020242
1245000021133
1245000022167
1245000024092
1245000024444
1245000025137
1245000031000
1245000033850
1245000035873
1245000036951
1245000037413
1245000037600
1245000038910
1245000039822
1245000039844
1245000044453
1245000048798
1245000049194
1245000049910
1245000055134
1245000058885
1245000059094
1245000060436
1245000061173
1245000061305
1245000061492
1245000062273
1245000065298
1245000065936
1245000067157
1245000068125
1245000072932
1245000076441
1245000078157
1245000078245
1245000080951
1245000081226
1245000081413
1245000087452
1245000088002
1245000090752
1245000096087
1245000096428
1245000096461
1245000096769
1245000098177
1245000100465
1245000101060
1245000102665
1245000106130
1245000107032
1245000108638
1245000109804
1245000111080
1245000112609
1245000113236
1245000115073
1245000117504
1245000117592
1245000117955
1245000118186
1245000122014
1245000128251
1245000130891
1245000133290
1245000133751
1245000138360
1245000142310
1245000142969
1245000143046
1245000143464
1245000143563
1245100000155
1245100001673
1245100005270
1245200011374
1245200021285
1245200021626
1245200032296
1245300002727
1245300004146
1245400041721
1245600004759
1245700000556
1245700004550
1245800001864
1245900017769
1246000002709
1246000004403
1246200000364
1246200000639
1246200001849
1246200004160
1246200005468
1246200005590
1246200006513
1246200006942
1246200006975
1246200007228
1246200008779
1246300014487
1246600028707
1246600030588
1246600031171
1246600037760
1246700000282
1246700000381
1246700000403
1246700002207
1246700002670
1246700002890
1246700002922
1246700003824
1246700004825
1246700005056
1246700005441
1246700005793
1246700005970
1246700006431
1246700006596
1246700007179
1246700007509
1246700007916
1246700008158
1246700008235
1246700009082
1246700012525
1246700012690
1246700013735
1246700013856
1246700015220
1246700015407
1246700015913
1246700016331
1246700016595
1246700017013
1246700017475
1246700017838
1246700018135
1246700018784
1246900000050
1246900000401
1246900000423
1246900002612
1246900002931
1246900004130
1246900004196
1246900004251
1246900005318
1246900005769
1246900006000
1246900006132
1246900006418
1246900006583
1246900007925
1246900008497
1246900008520
1246900009025
1246900011192
1246900011379
1246900011467
1247100002357
1247100002797
1247100002808
1247100002863
1247100003809
1247100004392
1247100004546
1247100004810
1247100005525
1247100006097
1247100006449
1247100006537
1247100008781
1247100009243
1247100009353
1247100009364
1247100009375
1247100009397
1247100009419
1247100009716
1247100010266
1247100010915
1247100011290
1247100011465
1247100011575
1247100012103
1247100012180
1247200004842
1247200006712
1247300005303
1247500004333
1247600000230
1247600000658
1247600001780
1247600001791
1247600001802
1247600002132
1247600002726
1247600002968
1247600003716
1247600004332
1247600004651
1247600006060
1247600006895
1247600006994
1247600007555
1247600007710
1247600007841
1247600009051
1247600010668
1247600010778
1247600011537
1247600011647
1247700000547
1247700000558
1247700000712
1247700003451
1247700009402
1247700020996
1247700022019
1247700023240
1247700028872
1247700030115
1247700030137
1247700030940
1247700031424
1247700031501
1247700031600
1247700031798
1247700034295
1247700051818
1247700056350
1247700056383
