1157604004887
1157606000243
1157606001024
1157610000327
1157610000910
1157610001471
1157627000343
1157627000673
1157627000981
1157627002301
1157627002631
1157627003247
1157627003280
1157627003610
1157627004875
1157627005854
1157627005942
1157627006448
1157627006536
1157627006745
1157627007625
1157627007636
1157627007780
1157627008637
1157627008901
1157627010716
1157627010793
1157627011002
1157627011530
1157627011772
1157627013169
1157627013818
1157627013950
1157627014379
1157627014380
1157627015336
1157627015402
1157627015413
1157627016007
1157627018064
1157627018097
1157627018780
1157627019164
1157627019351
1157627020473
1157627021595
1157627022178
1157627022508
1157627023223
1157627023564
1157627023620
1157627023784
1157627024367
1157627024510
1157627024939
1157627024983
1157627025687
1157627026700
1157627027414
1157627027942
1157627028195
1157627029416
1157627031187
1157627032012
1157627032903
1157627033057
1157627033508
1157627033970
1157627034740
1157627034784
1157746003931
1157746007253
1157746008001
1157746008221
1157746010740
1157746014250
1157746024721
1157746029209
1157746030771
1157746036018
1157746036293
1157746039989
1157746040583
1157746042057
1157746042596
1157746043058
1157746060834
1157746062451
1157746063441
1157746069744
1157746073594
1157746090150
1157746092228
1157746096375
1157746097112
1157746098300
1157746100115
1157746101809
1157746104450
1157746104878
1157746104988
1157746106968
1157746107903
1157746109036
1157746109058
1157746110741
1157746111093
1157746114250
1157746115120
1157746116516
1157746117605
1157746119310
1157746121290
1157746121587
1157746121598
1157746122467
1157746124150
1157746124161
1157746142718
1157746143334
1157746143994
1157746149516
1157746171879
1157746175290
1157746181548
1157746182252
1157746187059
1157746189193
1157746196475
1157746198004
1157746202965
1157746204593
1157746209147
1157746215505
1157746216650
1157746217430
1157746219718
1157746221951
1157746227264
1157746227605
1157746228200
1157746229783
1157746231037
1157746235921
1157746237087
1157746239793
1157746240519
1157746242191
1157746248274
1157746251222
1157746255116
1157746256601
1157746260320
1157746263510
1157746264280
1157746266006
1157746268240
1157746269340
1157746270615
1157746272045
1157746275202
1157746292472
1157746299402
1157746302262
1157746303494
1157746304407
1157746306300
1157746318091
1157746322392
1157746323580
1157746326935
1157746328805
1157746336439
1157746338595
1157746339948
1157746340806
1157746342786
1157746355546
1157746359550
1157746360771
1157746362730
1157746366491
1157746367240
1157746368416
1157746373982
1157746381528
1157746387765
1157746388084
1157746388689
1157746396334
1157746400569
1157746402747
1157746404551
1157746405849
1157746405926
1157746405981
1157746407180
1157746408610
1157746412010
1157746415331
1157746415991
1157746417047
1157746417234
1157746417322
1157746419852
1157746423647
1157746425836
1157746435197
1157746435703
1157746439410
1157746446296
1157746446582
1157746446945
1157746448188
1157746448463
1157746448958
1157746450520
1157746450663
1157746453150
1157746453193
1157746453314
1157746454491
1157746454590
1157746457990
1157746459672
1157746464765
1157746465073
1157746465370
1157746465865
1157746466107
1157746466459
1157746472333
1157746473720
1157746484279
1157746486545
1157746498205
1157746500163
1157746504101
1157746507852
1157746510987
1157746525826
1157746526838
1157746527366
1157746527388
1157746527872
1157746542250
1157746543074
1157746544152
1157746545571
1157746548090
1157746550664
1157746554382
1157746555306
1157746555966
1157746556307
1157746557473
1157746557759
1157746558782
1157746559145
1157746567120
1157746567461
1157746575788
1157746578329
1157746578560
1157746579605
1157746579814
1157746580144
1157746595368
1157746598140
1157746603486
1157746605554
1157746606676
1157746607358
1157746619469
1157746622461
1157746623396
1157746623561
1157746625486
1157746625893
1157746627521
1157746628621
1157746654394
1157746657640
1157746658541
1157746659707
1157746659861
1157746694874
1157746696810
1157746699824
1157746701969
1157746703157
1157746703608
1157746704070
1157746704103
1157746704224
1157746704235
1157746705610
1157746705698
1157746711880
1157746712045
1157746714806
1157746731933
1157746734837
1157746736960
1157746740381
1157746743241
1157746745089
1157746748785
1157746751690
1157746755297
1157746760225
1157746762986
1157746763030
1157746763437
1157746765340
1157746765406
1157746765681
1157746766055
1157746767078
1157746768442
1157746768783
1157746768827
1157746769102
1157746769938
1157746770830
1157746774437
1157746774844
1157746778914
1157746785734
1157746787208
1157746788858
1157746794402
1157746811606
1157746815489
1157746825202
1157746830482
1157746837863
1157746838754
1157746839975
1157746843979
1157746844001
1157746844870
1157746847477
1157746849413
1157746850227
1157746856728
1157746859852
1157746861172
1157746862228
1157746863581
1157746864384
1157746881181
1157746881490
1157746881775
1157746883480
1157746886175
1157746891125
1157746894370
1157746896482
1157746897857
1157746898506
1157746912190
1157746914148
1157746916854
1157746917239
1157746917855
1157746918614
1157746920528
1157746921562
1157746923036
1157746925489
1157746926380
1157746928998
1157746930615
1157746934289
1157746950635
1157746953946
1157746957246
1157746958380
1157746960580
1157746965430
1157746973064
1157746982337
1157746983437
1157746985582
1157746987023
1157746992446
1157746998661
1157746998837
1157847020770
1157847025566
1157847030769
1157847035235
1157847037138
1157847052000
1157847064517
1157847104876
1157847128394
1157847128526
1157847131375
1157847131540
1157847152473
1157847161845
1157847166927
1157847169468
1157847173648
1157847181656
1157847181744
1157847183251
1157847215327
1157847231519
1157847282120
1157847282890
1157847289247
1157847304273
1157847310983
1157847321444
1157847365752
1157847401799
1157847414790
1157847428815
1157847451915
1157847459780
1158603002470
1158904000661
1159102030548
1159102032320
1159102037632
1159102042769
1159102053868
1159102060259
1159102061491
1159102061524
1159102068025
1159102068146
1159102079938
1159102100585
1159102100761
1159102115480
1159102118560
1159102124026
1159102124785
1159204018236
1160280053130
1160280102652
1160280114048
1160280128690
1160280136279
1160400054154
1160571050705
1160816053859
1160917053131
1161001056721
1161101051517
1161101056445
1161215053120
1161215054373
1161215059741
1161326054240
1161447054207
1161650053091
1161650056457
1161690087184
1161690091639
1161690124067
1161690169068
1161690174887
1161690176515
1161832050643
1161832076317
1162130070739
1162362050366
1162366055059
1162367051241
1162375007904
1162375010600
1162375012887
1162375043764
1162468072194
1162468083271
1162468101179
1162536051600
1162536055065
1162536075261
1162536077824
1162536095424
1162536099550
1162543051725
1162651051265
1162651074860
1162700050930
1162901056526
1163123054599
1163123056117
1163123060033
1163123064785
1163123070868
1163123076918
1163123081340
1163123094530
1163328050060
1163328052337
1163328052491
1163328052876
1163328055802
1163328056165
1163328056605
1163328056650
1163328058211
1163328058508
1163328059070
1163328060631
1163328060752
1163328060774
1163328061082
1163328061236
1163328061456
1163328062446
1163328062974
1163328066208
1163328066461
1163328066813
1163328067011
1163328067957
1163328069300
1163328069431
1163328069849
1163328070113
1163328070223
1163443058910
1163443061825
1163443070295
1163443072726
1163525054989
1163525056782
1163525062315
1163525080135
1163525096426
1163668081257
1163668100188
1163668113256
1163668123288
1163702079199
1163702080123
1163702083896
1163850050341
1163850081394
1163850083100
1163926072420
1164027050428
1164027050912
1164027051737
1164027052122
1164027052452
1164027052463
1164027053145
1164027053255
1164027053926
1164027054366
1164027054454
1164027055499
1164027055500
1164027056115
1164027057435
1164027058403
1164027058964
1164027059338
1164027060020
1164027061989
1164027062935
1164027063122
1164027063177
1164027063188
1164027063310
1164027063518
1164027065135
1164027066390
1164027066400
1164027066477
1164027067896
1164027068590
1164350053779
1164350054406
1164350054824
1164350060126
1164350077330
1164401050901
1164401050945
1164401051870
1164401051880
1164401052408
1164401053266
1164401053464
1164401057611
1164704056065
1165001052325
1165001053205
1165001053436
1165001053910
1165003051322
1165007050603
1165007050614
1165007054849
1165009051900
1165010050941
1165017050274
1165017051264
1165017051418
1165018050955
1165018055707
1165022052381
1165024053072
1165024053127
1165024057813
1165024058440
1165024059067
1165027051320
1165027051595
1165027054390
1165027057513
1165027058206
1165027058459
1165027064091
1165029054299
1165029055927
1165032056749
1165032060016
1165032061150
1165032062414
1165038053729
1165038054686
1165040052825
1165040052990
1165040053804
1165043050501
1165043051997
1165044050710
1165044051270
1165044053096
1165047050937
1165047051509
1165047054743
1165047054765
1165047055579
1165047056349
1165047056591
1165047059825
1165047060133
1165047060276
1165048050914
1165050052551
1165053050491
1165053050590
1165053050601
1165053051382
1165053053120
1165074054298
1165074056894
1165074058082
1165075050238
1165075050910
1165190055139
1165257051300
1165275015322
1165275017709
1165275020019
1165275063800
1165275068200
1165321050267
1165476076435
1165476093463
1165476132250
1165476132260
1165476134592
1165476137947
1165476162631
1165476169308
1165476190703
1165476200383
1165476204442
1165476204960
1165543060440
1165543078447
1165658066155
1165658072634
1165835054659
1165835055330
1165835064130
1165835064218
1165958053524
1165958098107
1166196054045
1166196059358
1166196079884
1166196090280
1166196092765
1166234050124
1166234051455
1166234052170
1166234052335
1166234053226
1166234054249
1166234054800
1166234054920
1166234055151
1166234056086
1166234058033
1166234059892
1166234060541
1166234060607
1166234062268
1166234062752
1166234063500
1166234063797
1166234063995
1166234064963
1166234065447
1166234065491
1166234067845
1166234068131
1166234069022
1166234069210
1166234069430
1166234069650
1166234069748
1166234070397
1166234070496
1166234070540
1166234071321
1166234071673
1166234072730
1166234074489
1166234075215
1166234075699
1166234075952
1166234076040
1166234076140
1166234076315
1166234077107
1166234078339
1166234078757
1166234078988
1166234079065
1166234079571
1166313075180
1166313090360
1166313092813
1166313117178
1166313122238
1166313129355
1166451067012
1166451084062
1166733050296
1166733050956
1166733051352
1166733051946
1166733052045
1166733052199
1166733052287
1166733052793
1166733052970
1166733053002
1166733054058
1166733054201
1166733055060
1166733055301
1166733057138
1166733057369
1166733057974
1166733058502
1166733058931
1166733059240
1166733059668
1166733060097
1166733060240
1166733061934
1166733062022
1166733062055
1166733062132
1166733062517
1166733062583
1166733063386
1166733063530
1166733064200
1166733064410
1166733065608
1166733065674
1166733065773
1166733066598
1166733068171
1166733069205
1166733069689
1166733071185
1166733072021
1166733072197
1166733072219
1166733072307
1166733072802
1166733072824
1166733072879
1166733073077
1166733073286
1166733074045
1166733074760
1166733074958
1166733075101
1166733075805
1166733076091
1166733076180
1166733076531
1166733076784
1166733077059
1166820050253
1166952051420
1166952052300
1166952053080
1166952053290
1166952054081
1166952054301
1166952054719
1166952054972
1166952056633
1166952057051
1166952057403
1166952057580
1166952057986
1166952058547
1166952058932
1166952059042
1166952059317
1166952059548
1166952059614
1166952059823
1166952059889
1166952059988
1166952060098
1166952062859
1166952062936
1166952063376
1166952063904
1166952064366
1166952064630
1166952065235
1166952066170
1166952066467
1166952066544
1166952067083
1166952067468
1166952069096
1166952069327
1166952069558
1166952069943
1166952070240
1166952071659
1166952072022
1166952072099
1166952072980
1166952073309
1166952073496
1166952073804
1166952073958
1166952074112
1166952074178
1166952074860
1166952074959
1166952075421
1166952075740
1167154050029
1167154050568
1167154051140
1167154051712
1167154052889
1167154053857
1167154054231
1167154055507
1167154056464
1167154056838
1167154058554
1167154058807
1167154058840
1167154060127
1167154060303
1167154060468
1167154060699
1167154064770
1167154064880
1167154065550
1167154065737
1167154067816
1167154069620
1167154070820
1167154070940
1167154070951
1167154071589
1167154073393
1167154073437
1167154073877
1167154074031
1167154074273
1167154074603
1167154075516
1167154076352
1167154076924
1167154078882
1167154079168
1167154079344
1167154079828
1167154080500
1167154080609
1167154080994
1167232078056
1167232079827
1167325065280
1167325069306
1167456074818
1167456131765
1167627050293
1167627050876
1167627051063
1167627051349
1167627052317
1167627054165
1167627055529
1167627055530
1167627055639
1167627056090
1167627056343
1167627057620
1167627058389
1167627058521
1167627059665
1167627060248
1167627060534
1167627060920
1167627060941
1167627061403
1167627062228
1167627063405
1167627063780
1167627064054
1167627064703
1167627065011
1167627065418
1167627065605
1167627065616
1167627066353
1167627067475
1167627069818
1167627070192
1167627071424
1167627072953
1167627073020
1167627073790
1167627073998
1167627074757
1167627074779
1167627074790
1167627074977
1167627077309
1167627078684
1167627078816
1167627080037
1167627080587
1167627082446
1167627086934
1167627086945
1167627087583
1167627087737
1167627087902
1167627089190
1167627089860
1167627090839
1167627092214
1167627092786
1167627093116
1167627094029
1167627094568
1167627094964
1167627095954
1167627096141
1167627096163
1167627096735
1167627097494
1167627097604
1167627098341
1167627099045
1167627099991
1167627100277
1167627100960
1167627100970
1167627101168
1167627102720
1167627103050
1167627103335
1167627103874
1167700054444
1167700061231
1167700067446
1167700069503
1167700076114
1167746056224
1167746060657
1167746067433
1167746068710
1167746074451
1167746074792
1167746074913
1167746076475
1167746080600
1167746080930
1167746081865
1167746086310
1167746087013
1167746088289
1167746088509
1167746101676
1167746102040
1167746114656
1167746115459
1167746115536
1167746117692
1167746124160
1167746135600
1167746136502
1167746136623
1167746141177
1167746142101
1167746143124
1167746145841
1167746147128
1167746150131
1167746152474
1167746153926
1167746164519
1167746166851
1167746168523
1167746168810
1167746172340
1167746173451
1167746181745
1167746183208
1167746187927
1167746189137
1167746189643
1167746192239
1167746198498
1167746201028
1167746205494
1167746211710
1167746211764
1167746221862
1167746224128
1167746225635
1167746226010
1167746227428
1167746227681
1167746229100
1167746237196
1167746248240
1167746251463
1167746257216
1167746265642
1167746267116
1167746279238
1167746280052
1167746283154
1167746295881
1167746296068
1167746298961
1167746299929
1167746300138
1167746303933
1167746304857
1167746305891
1167746309466
1167746309543
1167746316638
1167746334755
1167746335019
1167746338275
1167746340850
1167746342323
1167746344061
1167746345030
1167746356755
1167746360242
1167746362079
1167746362178
1167746362651
1167746365710
1167746367810
1167746368261
1167746385465
1167746387841
1167746388886
1167746397862
1167746399193
1167746399710
1167746407960
1167746413526
1167746416760
1167746417959
1167746422580
1167746425670
1167746430180
1167746430510
1167746431676
1167746437814
1167746440861
1167746449672
1167746455832
1167746456481
1167746459044
1167746462597
1167746462938
1167746471331
1167746477689
1167746484850
1167746485224
1167746490317
1167746492077
1167746493639
1167746497423
1167746504243
1167746504310
1167746511866
1167746521931
1167746522900
1167746524835
1167746530181
1167746532480
1167746535670
1167746539124
1167746543986
1167746544987
1167746545207
1167746551510
1167746551873
1167746556955
1167746558572
1167746569352
1167746573840
1167746574456
1167746578757
1167746579329
1167746594476
1167746596654
1167746598183
1167746598755
1167746603860
1167746604244
1167746607302
1167746608590
1167746610811
1167746611185
1167746616950
1167746619314
1167746622933
1167746627696
1167746636210
1167746637794
1167746639532
1167746640511
1167746646407
1167746652809
1167746655120
1167746656494
1167746675601
1167746676195
1167746677207
1167746685150
1167746688075
1167746689274
1167746689670
1167746693322
1167746700857
1167746702837
1167746706082
1167746707721
1167746711813
1167746718512
1167746719425
1167746719436
1167746719447
1167746720800
1167746722593
1167746722890
1167746732834
1167746739324
1167746741183
1167746749664
1167746754306
1167746756088
1167746761896
1167746766098
1167746768771
1167746768793
1167746769816
1167746772049
1167746773545
1167746775822
1167746777164
1167746779441
1167746780630
1167746781366
1167746784435
1167746784512
1167746787890
1167746791563
1167746794401
1167746796469
1167746796678
1167746805291
1167746808327
1167746810032
1167746813068
1167746818777
1167746821956
1167746822968
1167746823859
1167746834078
1167746836234
1167746844154
1167746846926
1167746849049
1167746850039
1167746855924
1167746859290
1167746867782
1167746878276
1167746881147
1167746881268
1167746883523
1167746884744
1167746888517
1167746888627
1167746895062
1167746897174
1167746903103
1167746904148
1167746910385
1167746913982
1167746915720
1167746918569
1167746918657
1167746929525
1167746953494
1167847090509
1167847124565
1167847165331
1167847185461
1167847187012
1167847188992
1167847224401
1167847234521
1167847236040
1167847252374
1167847267774
1167847341760
1167847350483
1167847355895
1167847360592
1167847386882
1167847387641
1167847424150
1167847457579
1167847479997
1167847485167
1167847488907
1167847494968
1167847499820
1167847503713
1169102065901
1169102080872
1169102089452
1169658033490
1169658067810
1169658087851
1169658100765
1169658110490
1169658110731
1169658110775
1169658112051
1169658121665
1169658130894
1169658136053
1169658137010
1169658139441
1169658142356
1170280004278
1170280007182
1170280008920
1170280015180
1170280067968
1170280068232
1170280072346
1170400001375
1170571004196
1170571006341
1170571021642
1170726006318
1171215003728
1171326005971
1171326006720
1171326007731
1171447004816
1171690048672
1171690079879
1171690094465
1171690117290
1171719001200
1171832012208
1172225001409
1172225017458
1172225031714
1172225047280
1172375028792
1172375043026
1172375060725
1172375077830
1172375083374
1172375087719
1172468010131
1172468032637
1172468063591
1172536015673
1172536028390
1172536033526
1172536037354
1172536038696
1172536044559
1172651009057
1172724003484
1172724005959
1172724008588
1172724024384
1172724026826
1172801007290
1173025005130
1173123004669
1173123014888
1173123029507
1173123029640
1173123029650
1173123031630
1173123040408
1173256000840
1173256001643
1173256002292
1173256006648
1173256009453
1173328000394
1173328001660
1173328001956
1173328002396
1173328002430
1173328002990
1173328003584
1173328005091
1173328006004
1173328007577
1173328009800
1173328010371
1173328011273
1173328011922
1173328012186
1173328014606
1173328015772
1173443003678
1173443029627
1173525012055
1173525021350
1173525025178
1173525027257
1173525031811
1173668009646
1173668043075
1173668056430
1173926002910
1173926022742
1173926026625
1174027000047
1174027001048
1174027001092
1174027001411
1174027001686
1174027002214
1174027002490
1174027003040
1174027003413
1174027003985
1174027004590
1174027004711
1174027005129
1174027006097
1174027007494
1174027007648
1174027007912
1174027008385
1174027010673
1174027010926
1174027010937
1174027011663
1174027011773
1174027012070
1174027013192
1174027013687
1174027013786
1174027014831
1174027015018
1174027016481
1174027016580
1174027016624
1174027016635
1174027017559
1174027017680
1174101017815
1174205022672
1174401002907
1174401005107
1174401009199
1174501000376
1174501000541
1174600000112
1174632013203
1174632017251
1174632017845
1174827008553
1174827019850
1175007000486
1175007002807
1175007005117
1175007007427
1175007008263
1175007011266
1175007011376
1175007012289
1175007013455
1175007016469
1175022005630
1175022007126
1175024007432
1175024007509
1175024008334
1175024008620
1175024011271
1175024015440
1175024018014
1175024020093
1175024022513
1175024022755
1175024023426
1175024026825
1175024027397
1175024028838
1175024030610
1175024030708
1175027003557
1175027004305
1175027007220
1175027008430
1175027015932
1175027020145
1175027024611
1175027026240
1175027030122
1175029006987
1175029012300
1175029014555
1175029014786
1175029016480
1175029016887
1175029021320
1175029029823
1175029031374
1175050000971
1175050003061
1175050011003
1175053003740
1175053003982
1175053015697
1175074000386
1175074003477
1175074005391
1175074007888
1175074009318
1175074012772
1175074014708
1175190004153
1175190008080
1175275073170
1175476007508
1175476023579
1175476072200
1175476074817
1175476097610
1175543002997
1175543013480
1175543018518
1175543036426
1175543040991
1175658021582
1175749000789
1175835012320
1175835019755
1175958010238
1176196010858
1176196025940
1176196036818
1176196042978
1176196044815
1176196054616
1176196055023
1176196058136
1176234000458
1176234000502
1176234001382
1176234002560
1176234002900
1176234003175
1176234003550
1176234004011
1176234004099
1176234004220
1176234005750
1176234005925
1176234009115
1176234009742
1176234010150
1176234011414
1176234012712
1176234013449
1176234014747
1176234014890
1176234015870
1176234017200
1176234017233
1176234017740
1176234018201
1176234018311
1176234018454
1176234023349
1176234027111
1176234029971
1176234030697
1176313012358
1176313029837
1176313063409
1176451022901
1176451031063
1176451031778
1176658016336
1176658026841
1176658028392
1176658047103
1176658079102
1176733000322
1176733001125
1176733001213
1176733001268
1176733001961
1176733002489
1176733002995
1176733003424
1176733003963
1176733004568
1176733005206
1176733005591
1176733006724
1176733006768
1176733007109
1176733007241
1176733007450
1176733007660
1176733007879
1176733008286
1176733008320
1176733009023
1176733009529
1176733010112
1176733011542
1176733011597
1176733012048
1176733012554
1176733012642
1176733012653
1176733013126
1176733013907
1176733013962
1176733014039
1176733014325
1176733014700
1176733015403
1176733015524
1176733015546
1176733015755
1176733016052
1176733016162
1176733016350
1176733020463
1176733021190
1176733021630
1176733022190
1176733022982
1176733023158
1176733023356
1176733023510
1176733023917
1176733024071
1176733024258
1176820001973
1176820009410
1176820010531
1176820012401
1176952000576
1176952000851
1176952000862
1176952001423
1176952001710
1176952001918
1176952003414
1176952003744
1176952003810
1176952003832
1176952004503
1176952005340
1176952006175
1176952007440
1176952007913
1176952008166
1176952008353
1176952008419
1176952009684
1176952011004
1176952011532
1176952012082
1176952013413
1176952014964
1176952015107
1176952015580
1176952015668
1176952017087
1176952017252
1176952018210
1176952018418
1176952018869
1176952019628
1176952019650
1176952019914
1176952020563
1176952020882
1176952021784
1176952021905
1176952022026
1176952022048
1177031069632
1177031074791
1177154000495
1177154000650
1177154001199
1177154001474
1177154003003
1177154003344
1177154003487
1177154005225
1177154006512
1177154007106
1177154010626
1177154011407
1177154012012
1177154013300
1177154013563
1177154014927
1177154015323
1177154016181
1177154016258
1177154017050
1177154017974
1177154018337
1177154019778
1177154019800
1177154020229
1177154020680
1177154020966
1177154021120
1177154021659
1177154022803
1177154022979
1177154023496
1177154023958
1177154025608
1177154025828
1177154025960
1177154027445
1177154027588
1177154028204
1177154028369
1177154029612
1177154029689
1177325011500
1177325021444
1177456001799
1177456093870
1177627000022
1177627001111
1177627001331
1177627003080
1177627004378
1177627007392
1177627008130
1177627008899
1177627009042
1177627010054
1177627011803
1177627011902
1177627012925
1177627013233
1177627013365
1177627016170
1177627017150
1177627017611
1177627017721
1177627017743
1177627018029
1177627018030
1177627018293
1177627018326
1177627018557
1177627019239
1177627019272
1177627019525
1177627021417
1177627022033
1177627022429
1177627022561
1177627022572
1177627023012
1177627023188
1177627023914
1177627025828
1177627026169
1177627026356
1177627026510
1177627029238
1177627030294
1177627032769
1177627033539
1177627034980
1177627035090
1177627036014
1177627036729
1177627036730
1177627037170
1177627038236
1177627039798
1177627040942
1177700013193
1177700018198
1177746010331
1177746011717
1177746013433
1177746013499
1177746014786
1177746022794
1177746028130
1177746034113
1177746042451
1177746048578
1177746049172
1177746056289
1177746057983
1177746059369
1177746078014
1177746084185
1177746094635
1177746102544
1177746105954
1177746111718
1177746120188
1177746130330
1177746131749
1177746135280
1177746138635
1177746143190
1177746150031
1177746157335
1177746159909
1177746164430
1177746165134
1177746171129
1177746173770
1177746177817
1177746178169
1177746179621
1177746183042
1177746193096
1177746199476
1177746199905
1177746200125
1177746204052
1177746204790
1177746214800
1177746218770
1177746223291
1177746228384
1177746232872
1177746237140
1177746243091
1177746244235
1177746244455
1177746248833
1177746249449
1177746252694
1177746256269
1177746256588
1177746259382
1177746259657
1177746259790
1177746260196
1177746263518
1177746263771
1177746270349
1177746270415
1177746275816
1177746291733
1177746293075
1177746295540
1177746296639
1177746299367
1177746299532
1177746303448
1177746304900
1177746316440
1177746322621
1177746324601
1177746324612
1177746324645
1177746330343
1177746337691
1177746339990
1177746342267
1177746346425
1177746346612
1177746346942
1177746359647
1177746362562
1177746364597
1177746384727
1177746386432
1177746391382
1177746392845
1177746394870
1177746400765
1177746402217
1177746405363
1177746411468
1177746411589
1177746413063
1177746420961
1177746425284
1177746427980
1177746428276
1177746434568
1177746436548
1177746440541
1177746444402
1177746446965
1177746447340
1177746449077
1177746451497
1177746457790
1177746462244
1177746462266
1177746469053
1177746469141
1177746472617
1177746474400
1177746489744
1177746490382
1177746493165
1177746497939
1177746498665
1177746499534
1177746514912
1177746514923
1177746515660
1177746516672
1177746520104
1177746521039
1177746524790
1177746529003
1177746532996
1177746533447
1177746533491
1177746540718
1177746541268
1177746543930
1177746543941
1177746545206
1177746556932
1177746565380
1177746565578
1177746569901
1177746571903
1177746579120
1177746579163
1177746579196
1177746579295
1177746582408
1177746583805
1177746583838
1177746584069
1177746584773
1177746590548
1177746591990
1177746593650
1177746595146
1177746601163
1177746603154
1177746605156
1177746606421
1177746610634
1177746611448
1177746625297
1177746633140
1177746637496
1177746637936
1177746638156
1177746640037
1177746642347
1177746648441
1177746652500
1177746654359
1177746672872
1177746673312
1177746678581
1177746688240
1177746690362
1177746692683
1177746692793
1177746694729
1177746695290
1177746697622
1177746700482
1177746705652
1177746706400
1177746708325
1177746727058
1177746763490
1177746777911
1177746788922
1177746792112
1177746802199
1177746821141
1177746823726
1177746837828
1177746840787
1177746843878
1177746847156
1177746853680
1177746854031
1177746861654
1177746863480
1177746863557
1177746871500
1177746872005
1177746872555
1177746874140
1177746876086
1177746881124
1177746884105
1177746884622
1177746886063
1177746889198
1177746893257
1177746896799
1177746899208
1177746899274
1177746902079
1177746902838
1177746904279
1177746905951
1177746910967
1177746911825
1177746916709
1177746919646
1177746928611
1177746939699
1177746939721
1177746948103
1177746948136
1177746951205
1177746953097
1177746965428
1177746972094
1177746972391
1177746974569
1177746974932
1177746982313
1177746985900
1177746987142
1177847002321
1177847002431
1177847008096
1177847036564
1177847045232
1177847060346
1177847065824
1177847070246
1177847083644
1177847089056
1177847091597
1177847110726
1177847117997
1177847169587
1177847212510
1177847214907
1177847214930
1177847254034
1177847271832
1177847272570
1177847286154
1177847299288
1177847300366
1177847301235
1177847369996
1177847376552
1177847382954
1177847395109
1177847417989
1178617024387
1179102011527
1179102015443
1179102023462
1179102027940
1179102027972
1179102031305
1179204007674
1180280028213
1180280041138
1180280054041
1180571000631
1180726000333
1181121000257
1181326000547
1181690003945
1181690104705
1181832003044
1181832018917
1181832027387
1181901004493
1182225017875
1182225032274
1182225032296
1182225035838
1182225038170
1182375026965
1182375061967
1182375070129
1182375083560
1182375115713
1182468005378
1182536000712
1182536033448
1182536044140
1182724000690
1182724003220
1182801003318
1182901012942
1183025003303
1183123002369
1183123002370
1183123002391
1183123013974
1183123015305
1183123029176
1183256002050
1183328001010
1183328001229
1183328001867
1183328001933
1183328002087
1183328002945
1183328003836
1183328004749
1183328005046
1183328006069
1183328007720
1183328008720
1183328009094
1183328009457
1183328010678
1183328011481
1183328011514
1183328012790
1183328013879
1183328016178
1183328016189
1183525004827
1183525012703
1183668022361
1183668031876
1183668037761
1183668040159
1183668040380
1183850008330
1183850030726
1183926001050
1183926009035
1183926021564
1184027000310
1184027002521
1184027003159
1184027003720
1184027003819
1184027003930
1184027004590
1184027005656
1184027005689
1184027009870
1184027010892
1184027011277
1184027012102
1184027012256
1184027012707
1184027012905
1184027013390
1184027013411
1184027014808
1184027016062
1184205002300
1184501001189
1184632005788
1184704000315
1184704002416
1184704019081
1184827010983
1185000001559
1185000005024
1185007001190
1185007003543
1185007006315
1185007009175
1185007009758
1185007012530
1185007012871
1185007015038
1185022002164
1185022003264
1185022004925
1185022005904
1185022006465
1185022006487
1185027001598
1185027005382
1185027008594
1185027008605
1185027008693
1185027008902
1185027012103
1185027017240
1185027020056
1185027020309
1185027022180
1185027023444
1185027026502
1185027026645
1185029002564
1185029006458
1185029006469
1185029006690
1185029007503
1185029009296
1185029009978
1185029010660
1185029012651
1185029019163
1185050004336
1185050005458
1185050005612
1185050005766
1185050009429
1185053012781
1185053013452
1185053017214
1185053018985
1185053019051
1185053019667
1185053019722
1185053021955
1185053022758
1185053022945
1185053027059
1185053032317
1185053040182
1185053040369
1185053041810
1185053042723
1185053054493
1185053056803
1185074003564
1185074006303
1185074006633
1185074009306
1185074011330
1185275005695
1185275027410
1185275053480
1185476014965
1185476029760
1185476068469
1185476072143
1185476076279
1185476079546
1185543023203
1185658004036
1185658008436
1185749002284
1185749004760
1185835009502
1185835010382
1185835011779
1185958002823
1186196021989
1186196042130
1186196046530
1186234001062
1186234001227
1186234001260
1186234001271
1186234001612
1186234001910
1186234002008
1186234002261
1186234002580
1186234004538
1186234004967
1186234005165
1186234006023
1186234006199
1186234006749
1186234007871
1186234008234
1186234008564
1186234009389
1186234010929
1186234011590
1186234012546
1186234012832
1186234012953
1186234013272
1186234013723
1186234014372
1186234014416
1186234014482
1186234015153
1186234015175
1186234015571
1186234016693
1186234017221
1186234018080
1186313034500
1186313035787
1186313037437
1186313042002
1186313078930
1186313088147
1186313096848
1186313100687
1186313110532
1186451017719
1186451022801
1186451023769
1186501000069
1186501000146
1186658005896
1186658011264
1186658016247
1186658016654
1186658060236
1186658061985
1186658062656
1186658071555
1186658088132
1186733001663
1186733001883
1186733002390
1186733002587
1186733002906
1186733003160
1186733003379
1186733003676
1186733003995
1186733004050
1186733004292
1186733005040
1186733005612
1186733005755
1186733005909
1186733006426
1186733006503
1186733006954
1186733007230
1186733007405
1186733008230
1186733008681
1186733008990
1186733009660
1186733009913
1186733011068
1186733011189
1186733011354
1186733012080
1186733012872
1186733014368
1186733015094
1186733015303
1186733016084
1186733016106
1186733016425
1186733016580
1186733016623
1186733016953
1186733017173
1186733017283
1186733017294
1186733017811
1186733020165
1186733020198
1186733020209
1186733020506
1186733020825
1186733020891
1186733021595
1186733021804
1186733021980
1186733022640
1186733022959
1186733022970
1186820004491
1186820011443
1186952000058
1186952000476
1186952000564
1186952000641
1186952000707
1186952001092
1186952002390
1186952003017
1186952004293
1186952004326
1186952004458
1186952004524
1186952005679
1186952005910
1186952006240
1186952006284
1186952006625
1186952007263
1186952008055
1186952008517
1186952008759
1186952010123
1186952010266
1186952011168
1186952011663
1186952011840
1186952012136
1186952012830
1186952013104
1186952013577
1186952013621
1186952014061
1186952014457
1186952015381
1186952016085
1186952016613
1187031066705
1187154000880
1187154001462
1187154001506
1187154001847
1187154003057
1187154003684
1187154003695
1187154003783
1187154003992
1187154004091
1187154004894
1187154005389
1187154006247
1187154006302
1187154007985
1187154008150
1187154008392
1187154008865
1187154009767
1187154010834
1187154010933
1187154012187
1187154012308
1187154013199
1187154013200
1187154013375
1187154014398
1187154014717
1187154015366
1187154015487
1187154015509
1187154016125
1187154016675
1187154016741
1187154018215
1187154019227
1187154019238
1187154021218
1187154022219
1187154022670
1187154025112
1187154026916
1187154026927
1187154026960
1187154027664
1187154028423
1187154028577
1187154029270
1187154029512
1187232009183
1187456009421
1187456049186
1187456053850
1187536005348
1187627000681
1187627000868
1187627002640
1187627003002
1187627003057
1187627003178
1187627003838
1187627003893
1187627004432
1187627004510
1187627005830
1187627005862
1187627007083
1187627007479
1187627008183
1187627008667
1187627008700
1187627008975
1187627009063
1187627010560
1187627010647
1187627011340
1187627011550
1187627011813
1187627013089
1187627013782
1187627014684
1187627015223
1187627015388
1187627015949
1187627017786
1187627019161
1187627019249
1187627019360
1187627019810
1187627020240
1187627020371
1187627021196
1187627022197
1187627022538
1187627023847
1187627023902
1187627024408
1187627025090
1187627026432
1187627027565
1187627028115
1187627028423
1187627031767
1187627032801
1187627032900
1187627033252
1187627033362
1187627034210
1187627034242
1187627035133
1187627036343
1187700007384
1187700008836
1187700010178
1187700017603
1187746008724
1187746012959
1187746024993
1187746034080
1187746044716
1187746044749
1187746053230
1187746053395
1187746055100
1187746055276
1187746055914
1187746058950
1187746059258
1187746060204
1187746065858
1187746070533
1187746071270
1187746086010
1187746095217
1187746098100
1187746101840
1187746105997
1187746119087
1187746120979
1187746125467
1187746128294
1187746149821
1187746151966
1187746164715
1187746170369
1187746172976
1187746177112
1187746179301
1187746193513
1187746207880
1187746221431
1187746248359
1187746250405
1187746257687
1187746264529
1187746267257
1187746275760
1187746276574
1187746282998
1187746283955
1187746284252
1187746289026
1187746291446
1187746294592
1187746303018
1187746308573
1187746312302
1187746315228
1187746322081
1187746322356
1187746326240
1187746326404
1187746327526
1187746337360
1187746339880
1187746345049
1187746352200
1187746353761
1187746356555
1187746357105
1187746374980
1187746375838
1187746380117
1187746381327
1187746382746
1187746383890
1187746384044
1187746387003
1187746388642
1187746392096
1187746397520
1187746399774
1187746400159
1187746409003
1187746410378
1187746414151
1187746418640
1187746423260
1187746425734
1187746427252
1187746431509
1187746435910
1187746436096
1187746438318
1187746440309
1187746443455
1187746445226
1187746445644
1187746446249
1187746448416
1187746450154
1187746452332
1187746454334
1187746457513
1187746460110
1187746466093
1187746467347
1187746470383
1187746477819
1187746482087
1187746489600
1187746496090
1187746502877
1187746503801
1187746504384
1187746506716
1187746506870
1187746507013
1187746507112
1187746507992
1187746512051
1187746513305
1187746513503
1187746513591
1187746516231
1187746517012
1187746518255
1187746528166
1187746530652
1187746532401
1187746536449
1187746536680
1187746541773
1187746556975
1187746557690
1187746558174
1187746560407
1187746560418
1187746561750
1187746563400
1187746568019
1187746576720
1187746576797
1187746580890
1187746583045
1187746585070
1187746588424
1187746588688
1187746594782
1187746596245
1187746600458
1187746602977
1187746632908
1187746633205
1187746641961
1187746644436
1187746645503
1187746646152
1187746672101
1187746672486
1187746675313
1187746677139
1187746677810
1187746678954
1187746683101
1187746683190
1187746695476
1187746697698
1187746699183
1187746700338
1187746700460
1187746700481
1187746703715
1187746707367
1187746708797
1187746708863
1187746718345
1187746721580
1187746728872
1187746730907
1187746740884
1187746743491
1187746745889
1187746746582
1187746752808
1187746765128
1187746767460
1187746767471
1187746767526
1187746767570
1187746767955
1187746770012
1187746773983
1187746783113
1187746783300
1187746783960
1187746785820
1187746788943
1187746794135
1187746794619
1187746795378
1187746795917
1187746799371
1187746799646
1187746799998
1187746800856
1187746801219
1187746803155
1187746803661
1187746805179
1187746807071
1187746811053
1187746811658
1187746817037
1187746817389
1187746825045
1187746826761
1187746830260
1187746831800
1187746832074
1187746835022
1187746835253
1187746837805
1187746840687
1187746843415
1187746845571
1187746846385
1187746847133
1187746850235
1187746851676
1187746852325
1187746855878
1187746860443
1187746860498
1187746861103
1187746863589
1187746863677
1187746865130
1187746866889
1187746868210
1187746872840
1187746886469
1187746886799
1187746890473
1187746893003
1187746894720
1187746895940
1187746896116
1187746902640
1187746905048
1187746906412
1187746907721
1187746910548
1187746912781
1187746915201
1187746919580
1187746921834
1187746926707
1187746932780
1187746933978
1187746934980
1187746935419
1187746935518
1187746936893
1187746940952
1187746943350
1187746944681
1187746952502
1187746952513
1187746954438
1187746955440
1187746959828
1187746964349
1187746964459
1187746964723
1187746964800
1187746965130
1187746967396
1187746976471
1187746978540
1187746987691
1187746995182
1187746995732
1187746998790
1187847017324
1187847021889
1187847027136
1187847027312
1187847052690
1187847061214
1187847067319
1187847082686
1187847120119
1187847128897
1187847145804
1187847160676
1187847170015
1187847202960
1187847205424
1187847206029
1187847208581
1187847208603
1187847220725
1187847222848
1187847239821
1187847250711
1187847271589
1187847272580
1187847295481
1187847300827
1187847309715
1187847325291
1187847366178
1187847374340
1187847383833
1188617002309
1188901000903
1189102005751
1189102008798
1190105000832
1190280015210
1190280026496
1190280037760
1190280080055
1190571007120
1190608001550
1190726000156
1190917000890
1191215001834
1191326003395
1191690003526
1191690024130
1191690036713
1191690049385
1191690053500
1191690071121
1191690075191
1191690095145
1191690105870
1192130009202
1192130010731
1192225005554
1192225010669
1192225010670
1192225011065
1192225017643
1192225020240
1192225039346
1192225039380
1192225042184
1192375014721
1192375020760
1192375082240
1192468006763
1192468011120
1192468023615
1192468033504
1192536004924
1192536024010
1192724006859
1192724026098
1193025004721
1193123013302
1193123017031
1193123018791
1193256007592
1193328001921
1193328002053
1193328002537
1193328002570
1193328003043
1193328003516
1193328004418
1193328005177
1193328007091
1193328007180
1193328007487
1193328007620
1193328007663
1193328008565
1193328008895
1193328010633
1193328011590
1193443015633
1193525004518
1193525004595
1193525006949
1193525010865
1193525017157
1193525018390
1193525022107
1193525022360
1193525029466
1193525029609
1193525033459
1193668023427
1193668027860
1193668030555
1193668036902
1193668037903
1193668037970
1193668040543
1193668044580
1193702005760
1193702010920
1193926000630
1194027001145
1194027001519
1194027001530
1194027001728
1194027002454
1194027002938
1194027004148
1194027004203
1194027004786
1194027005457
1194027005710
1194027006139
1194027006469
1194027006579
1194027007404
1194027007591
1194027007712
1194027008207
1194027008548
1194027008559
1194027008933
1194027008977
1194027009560
1194027009736
1194027009890
1194027010704
1194027011122
1194027011749
1194027012607
1194027013432
1194205004564
1194350001273
1194350002440
1194401003180
1194401003400
1194632000463
1194704005649
1194704015153
1194827004481
1195000004209
1195007002706
1195022000910
1195022002471
1195022002482
1195027001179
1195027001256
1195027001510
1195027002972
1195027003599
1195027005524
1195027005744
1195027006481
1195027007130
1195027007273
1195027008043
1195027008923
1195027014489
1195027017130
1195027021298
1195027022893
1195027024378
1195027026017
1195027026248
1195027026336
1195027027029
1195050008603
1195050013784
1195050013806
1195050014807
1195053001054
1195053004090
1195074002640
1195074004718
1195074005081
1195074006148
1195074008865
1195081001720
1195081003402
1195081009320
1195081009936
1195081012301
1195081022036
1195081022707
1195081022718
1195081022894
1195081026030
1195081028317
1195081030539
1195081035160
1195081036842
1195081040659
1195081042507
1195081043365
1195081043486
1195081045906
1195081048491
1195081049965
1195081052605
1195081053848
1195081053860
1195081054134
1195081062582
1195081064980
1195081065321
1195081074209
1195081074440
