1125074005385
1125074009720
1125074010115
1125074013570
1125074013680
1125074014735
1125074015681
1125074016000
1125074016572
1125074016825
1125075001061
1125075002898
1125229000379
1125229000380
1125256000253
1125259002406
1125262004273
1125321004490
1125476000660
1125476017853
1125476018580
1125476020570
1125476021175
1125476055363
1125476118041
1125476128690
1125476161095
1125476177529
1125658003833
1125658007375
1125658014701
1125740006116
1125740008019
1125826000332
1125835001710
1125902007989
1125904009527
1125904018481
1126025000155
1126165013050
1126173000293
1126195000040
1126195002559
1126200002499
1126200002928
1126200003027
1126214000329
1126214000516
1126215000328
1126215000999
1126215001648
1126215001659
1126215001714
1126215001725
1126215001769
1126215001857
1126215001967
1126215002121
1126215002946
1126219000544
1126219001149
1126225000296
1126225000615
1126229000083
1126229000413
1126229000677
1126229001271
1126229002415
1126229002833
1126229002954
1126229003240
1126229003306
1126230000027
1126230000841
1126230000852
1126230001325
1126230001699
1126230002139
1126230002249
1126230002502
1126230003085
1126230004372
1126230004427
1126230004438
1126230004559
1126234000089
1126234000221
1126234001123
1126234003928
1126234004632
1126234005150
1126234005160
1126234005182
1126234005193
1126234006403
1126234006470
1126234006557
1126234007525
1126234007822
1126234008922
1126234008933
1126234009274
1126234009428
1126234009439
1126234009769
1126234010044
1126234010231
1126234010792
1126234010935
1126234012068
1126234012596
1126234013377
1126312004510
1126623008071
1126633000669
1126658035173
1126670003811
1126670019464
1126670021367
1126678011932
1126678018785
1126679019884
1126683002203
1126700000140
1126700000624
1126700000822
1126713000435
1126714000511
1126714000940
1126714001050
1126714001061
1126714001424
1126722000130
1126722001042
1126722001053
1126722001064
1126722001097
1126722001185
1126725000324
1126726000191
1126726000532
1126727000509
1126727000531
1126727000619
1126727000949
1126727000950
1126727000960
1126732000020
1126732000757
1126732001747
1126732002088
1126732002220
1126732002418
1126732002847
1126732002858
1126732004046
1126732004079
1126732004101
1126732004816
1126732004860
1126732004970
1126732005025
1126732005597
1126732005840
1126732006466
1126732006940
1126732007027
1126732007621
1126732007786
1126732008017
1126732008083
1126732008260
1126732008545
1126732008567
1126732008842
1126732009425
1126732009910
1126732010283
1126732010613
1126732010932
1126732011471
1126732011625
1126732011922
1126732011988
1126732012230
1126733000096
1126733000415
1126733000570
1126733000679
1126733001064
1126733001229
1126733001405
1126733001658
1126733001889
1126733002153
1126733002186
1126733002956
1126733003033
1126733003198
1126733003385
1126733003946
1126829005775
1126829009064
1126908000757
1126908000801
1126908001186
1126915000431
1126952000471
1126952003496
1126952003518
1126952003991
1126952004464
1126952005124
1126952005300
1126952005344
1126952005498
1126952005652
1126952007060
1126952011031
1126952011196
1126952011548
1126952012538
1126952012670
1126952012681
1126952012736
1126952012769
1126952012780
1126952012791
1126952013935
1126952014309
1126952014331
1126952014970
1126952016058
1126952018786
1126952018951
1126952019150
1126952019512
1126952019622
1126952019776
1126952019952
1126952020580
1126952020810
1126952020953
1126952021129
1126952021217
1126952022120
1126952024429
1126952024440
1126952024462
1126952024946
1126952024979
1126952025144
1126952026442
1126952026486
1126952026904
1126952027872
1126952028290
1126952029698
1126952029775
1126952029973
1126952030160
1126952030842
1127154001810
1127154002975
1127154003217
1127154003602
1127154003790
1127154006572
1127154007287
1127154007518
1127154007760
1127154008057
1127154008937
1127154010928
1127154011368
1127154012325
1127154012787
1127154014833
1127154019926
1127154020234
1127154020245
1127154020290
1127154021906
1127154022676
1127154024249
1127154025085
1127154025162
1127154026053
1127154026306
1127154027021
1127154027109
1127154027626
1127154027637
1127154027703
1127154027802
1127154028858
1127154029860
1127154030057
1127154030277
1127154030618
1127154031388
1127154032510
1127154032785
1127154033896
1127154034963
1127154034974
1127154035700
1127154036096
1127154038054
1127154038769
1127154038956
1127232050681
1127232057578
1127327003671
1127329002272
1127404002230
1127453005514
1127453014556
1127536006454
1127600000483
1127602000096
1127602001944
1127602002659
1127602003550
1127602004287
1127602004320
1127602006564
1127602008137
1127603000690
1127603001118
1127603003824
1127603003945
1127604000380
1127604000622
1127604000743
1127604001183
1127604001854
1127604002283
1127604002426
1127604003097
1127604003383
1127604003856
1127604004770
1127604006530
1127604006969
1127604008311
1127604009169
1127604011061
1127604011237
1127604011424
1127604011699
1127604012733
1127604012843
1127604013910
1127604013976
1127604014086
1127604014097
1127604014108
1127604014450
1127604014504
1127604014812
1127604015263
1127604015428
1127604015494
1127604016033
1127604017716
1127604018068
1127604018706
1127604019290
1127604019377
1127606000103
1127606000796
1127606001159
1127606002292
1127606002930
1127606003018
1127606003183
1127606003304
1127606003612
1127606004448
1127606004481
1127606004811
1127606005020
1127606005152
1127608000520
1127608000585
1127608000860
1127609000562
1127609001145
1127609001486
1127609001684
1127609001794
1127610001606
1127610001650
1127610003950
1127610004060
1127612000031
1127612000284
1127746005408
1127746005628
1127746008015
1127746012580
1127746012987
1127746026870
1127746035010
1127746039013
1127746039178
1127746040850
1127746042566
1127746047461
1127746049420
1127746061244
1127746068196
1127746069219
1127746080065
1127746080637
1127746090460
1127746097302
1127746099799
1127746103814
1127746108148
1127746115419
1127746120006
1127746120040
1127746123009
1127746134120
1127746138893
1127746142611
1127746144173
1127746146736
1127746147825
1127746152160
1127746158033
1127746159936
1127746164160
1127746184037
1127746193068
1127746195048
1127746200340
1127746200515
1127746203298
1127746204123
1127746221921
1127746222328
1127746223472
1127746241776
1127746242326
1127746242623
1127746248431
1127746248651
1127746253470
1127746264942
1127746284104
1127746286194
1127746291056
1127746291969
1127746305807
1127746306973
1127746314926
1127746321372
1127746325354
1127746325574
1127746326036
1127746330128
1127746341073
1127746343010
1127746343658
1127746346859
1127746365306
1127746375570
1127746378209
1127746378308
1127746378396
1127746380035
1127746381388
1127746386371
1127746389341
1127746390133
1127746396271
1127746397790
1127746398152
1127746401320
1127746403883
1127746406435
1127746406864
1127746409713
1127746412276
1127746416324
1127746426994
1127746429282
1127746432857
1127746444638
1127746444737
1127746447861
1127746454252
1127746457190
1127746462359
1127746466550
1127746467441
1127746476131
1127746477462
1127746478562
1127746479772
1127746483281
1127746484645
1127746501926
1127746508999
1127746510396
1127746512409
1127746514653
1127746516182
1127746517535
1127746519306
1127746519889
1127746531098
1127746534926
1127746535014
1127746536917
1127746538897
1127746542307
1127746545167
1127746547752
1127746555606
1127746556882
1127746556893
1127746560875
1127746571589
1127746575912
1127746589145
1127746598759
1127746600563
1127746608450
1127746609506
1127746614050
1127746619835
1127746623542
1127746632397
1127746637479
1127746637480
1127746639393
1127746645388
1127746646422
1127746646763
1127746648083
1127746652604
1127746672173
1127746672558
1127746674978
1127746677618
1127746679455
1127746683393
1127746696791
1127746705613
1127746711960
1127746717438
1127746721101
1127746723037
1127746725611
1127746725765
1127746729417
1127746731628
1127746734620
1127746739185
1127746741550
1127746745170
1127746747347
1127746748095
1127746748502
1127746748799
1127746749965
1127746751230
1127746754310
1127746761933
1127746762582
1127746770293
1127747008124
1127747016044
1127747018190
1127747025548
1127747028860
1127747029805
1127747036207
1127747037813
1127747038660
1127747038726
1127747040717
1127747041883
1127747052322
1127747054599
1127747054621
1127747058251
1127747059747
1127747068756
1127747070395
1127747070923
1127747072045
1127747074377
1127747074586
1127747076038
1127747076258
1127747082715
1127747085630
1127747087203
1127747093924
1127747094420
1127747095662
1127747095740
1127747101063
1127747103329
1127747106123
1127747111678
1127747117233
1127747125000
1127747135251
1127747137583
1127747149782
1127747158330
1127747165677
1127747173938
1127747178272
1127747180593
1127747188689
1127747188821
1127747190856
1127747193012
1127747195256
1127747196785
1127747201911
1127747209040
1127747218631
1127747219225
1127747225374
1127747236825
1127747247737
1127747248661
1127747248716
1127747262455
1127747267560
1127747267570
1127747269220
1127747269726
1127747275050
1127747275402
1127747276095
1127747276612
1127747278262
1127747283366
1127747283399
1127747284390
1127747285885
1127747289262
1127747291320
1127747291650
1127747291946
1127747293332
1127747301285
1127799014914
1127799022020
1127847043830
1127847086322
1127847099643
1127847108608
1127847120950
1127847128870
1127847215649
1127847252829
1127847288931
1127847300349
1127847345999
1127847395675
1127847475766
1127847610230
1127847614872
1127847623859
1128602008182
1128602012813
1128603000020
1128904007154
1129847026330
1130280027503
1130608004262
1130919000343
1131101007124
1131101008906
1131215000762
1131328000715
1131447013719
1131650012416
1131690023299
1131690028997
1131690086934
1131841003711
1132100000196
1132124001074
1132130009725
1132223015308
1132224001722
1132224004274
1132225004812
1132225018749
1132300004979
1132311009555
1132312001722
1132315004689
1132337000443
1132352000660
1132361004885
1132366010831
1132443001822
1132468016053
1132468016174
1132508001603
1132536003896
1132537001585
1132651034174
1132651034218
1132700001906
1132720002502
1132724004203
1133123000163
1133123000999
1133123001197
1133123023538
1133123023934
1133256004860
1133300000162
1133304000268
1133304001357
1133316000290
1133326000796
1133327000080
1133327002203
1133327002710
1133327002731
1133327003468
1133327004249
1133328000574
1133328001905
1133328002169
1133328003401
1133328005986
1133332000834
1133332002330
1133332003386
1133332003540
1133334001118
1133334001580
1133339000673
1133339001014
1133340000639
1133340000640
1133340003532
1133340005127
1133435001424
1133443025264
1133456000281
1133525005536
1133525010849
1133525017670
1133528006424
1133668002753
1133668018263
1133702010386
1133702010562
1133702014467
1133702016953
1133702018405
1133702019549
1133850025187
1133926010954
1133926013110
1133926032327
1134000000420
1134004000492
1134023000320
1134024000296
1134025001230
1134025001648
1134025005135
1134025006147
1134025006675
1134025006840
1134025007016
1134027000029
1134027001118
1134027001822
1134027001954
1134027002900
1134027003131
1134027004330
1134027004341
1134027004540
1134028001953
1134029000533
1134029000786
1134029000852
1134029001380
1134029001688
1134029001700
1134029001897
1134029002250
1134029002337
1134029002360
1134345002736
1134345020611
1134632001866
1134632006530
1134632008983
1134632009027
1134632010457
1134632013878
1134703005205
1134802000079
1134802000673
1134811000950
1135000002620
1135000005470
1135001000023
1135001003829
1135001005963
1135003001011
1135003001022
1135003001638
1135003005840
1135003022813
1135003022846
1135003022879
1135003022934
1135005000570
1135007000644
1135007002503
1135009003062
1135009003095
1135018006364
1135018008620
1135018013316
1135019000874
1135020001720
1135020002622
1135020003326
1135022005854
1135024000374
1135024002189
1135024002222
1135024002893
1135024002904
1135024008327
1135027002670
1135027004232
1135029000105
1135029001337
1135029001755
1135029003284
1135029006331
1135029008817
1135030001325
1135031000455
1135031000994
1135031002897
1135031003381
1135032000157
1135032001004
1135032001884
1135032001961
1135038007774
1135038008962
1135038009501
1135040002162
1135040003185
1135040003999
1135040004230
1135040005650
1135040007739
1135043000421
1135043002490
1135043003303
1135044001454
1135045001190
1135045001805
1135045001816
1135045002234
1135047005246
1135047005455
1135047005720
1135047005730
1135047008942
1135047010450
1135047010504
1135047012506
1135050000249
1135050001932
1135050002570
1135050004320
1135050004561
1135050005331
1135053000708
1135053001390
1135074010532
1135074017935
1135075000202
1135075002215
1135190011593
1135235000405
1135256003640
1135256008689
1135260018080
1135476028951
1135476028962
1135476042360
1135476055384
1135476062534
1135476093521
1135476141921
1135476173997
1135476184030
1135476184040
1135543026310
1135543038201
1135658010168
1135740001374
1135749002762
1135835004678
1135837002058
1135838000231
1135920000590
1136025000055
1136164009310
1136182001911
1136194001052
1136195000633
1136195007816
1136195012161
1136200001365
1136214000724
1136215000019
1136215000162
1136215000173
1136215000800
1136215001042
1136215001416
1136215001570
1136226000404
1136229000379
1136229000467
1136229000852
1136229000863
1136229001710
1136229002799
1136229003173
1136230000323
1136230001137
1136230001302
1136230003425
1136232000035
1136234000110
1136234000231
1136234000858
1136234001133
1136234001144
1136234001320
1136234001705
1136234001936
1136234003531
1136234004862
1136234004961
1136234009251
1136234009867
1136234009900
1136234010054
1136234010087
1136234010758
1136234013222
1136234014069
1136234014432
1136320012619
1136320013169
1136449002667
1136678019994
1136684004720
1136685002442
1136700000634
1136733000590
1136733002152
1136733002185
1136733002889
1136733003131
1136733003373
1136733004033
1136733004044
1136733004209
1136733004814
1136733004880
1136733005419
1136733006365
1136733006794
1136733007058
1136733007135
1136733007289
1136733007608
1136733008653
1136733009027
1136733009555
1136733009599
1136733009764
1136733010281
1136733010468
1136733011007
1136733011216
1136733011425
1136733011580
1136733011942
1136733012130
1136733012580
1136733012679
1136733012756
1136733013780
1136733014110
1136733014373
1136733014505
1136733015550
1136733015759
1136733016936
1136733017244
1136733017288
1136733017310
1136733017552
1136733017805
1136733017937
1136733018322
1136733019004
1136733019323
1136733019455
1136733019708
1136733019884
1136733019895
1136733020104
1136733020522
1136733020709
1136733021061
1136906000175
1136906000362
1136908000261
1136910000150
1136910000204
1136912000060
1136912000356
1136912000367
1136912000378
1136912000389
1136912000390
1136913001610
1136915000276
1136915000419
1136952000020
1136952002208
1136952002307
1136952003100
1136952003627
1136952003836
1136952004155
1136952005684
1136952007114
1136952007334
1136952007675
1136952008049
1136952008820
1136952009259
1136952010227
1136952010535
1136952011360
1136952011558
1136952011602
1136952011745
1136952012020
1136952012889
1136952013549
1136952013670
1136952013758
1136952013770
1136952013780
1136952014022
1136952014374
1136952014880
1136952015749
1136952016123
1136952016761
1136952016981
1136952017091
1136952017861
1136952018059
1136952018576
1136952018653
1136952018675
1136952019170
1136952019819
1136952020105
1136952020545
1136952021227
1136952021623
1136952021690
1137022000048
1137154000136
1137154002171
1137154002237
1137154003348
1137154003414
1137154004327
1137154004756
1137154004866
1137154006274
1137154007704
1137154012104
1137154013457
1137154014326
1137154014788
1137154015900
1137154016560
1137154018220
1137154018704
1137154019419
1137154019661
1137154021091
1137154022125
1137154022686
1137154022807
1137154022950
1137154023456
1137154023654
1137154024182
1137154024226
1137154024875
1137154026613
1137154026745
1137154027416
1137154029407
1137154031486
1137154032212
1137154033015
1137154033290
1137154035138
1137154035446
1137154036150
1137154038020
1137154040088
1137154040528
1137329003393
1137448009489
1137456007171
1137536007025
1137600000350
1137600001065
1137600001220
1137600001714
1137602000062
1137602000744
1137602001900
1137602002350
1137602002438
1137602003835
1137602004044
1137602006080
1137602006618
1137602008345
1137603000644
1137603001293
1137603001777
1137603001953
1137603002866
1137603002965
1137603003350
1137604000159
1137604000665
1137604001370
1137604002282
1137604003635
1137604003657
1137604004504
1137604004670
1137604006242
1137604006385
1137604006748
1137604006814
1137604006980
1137604007441
1137604008651
1137604009179
1137604009289
1137604009927
1137604010125
1137604010565
1137604011269
1137604011710
1137604013282
1137604013458
1137604013964
1137604014130
1137604014283
1137604014602
1137604014745
1137604014789
1137604014888
1137604015130
1137604015174
1137604016263
1137604016373
1137604016593
1137604017430
1137604017550
1137604017650
1137604017870
1137604017935
1137604018144
1137604018232
1137604018606
1137604018661
1137604018925
1137606000344
1137606000377
1137606000850
1137606001873
1137606001950
1137606002566
1137606002600
1137606002742
1137606003721
1137606003920
1137606004073
1137608000276
1137608000903
1137608000936
1137609000594
1137609000759
1137609000935
1137609001090
1137609001881
1137610000472
1137610000593
1137610000978
1137610001330
1137610003970
1137610004168
1137611000317
1137611000702
1137612000998
1137627001434
1137627001600
1137627002127
1137627002182
1137746002525
1137746007409
1137746007651
1137746020631
1137746023469
1137746024965
1137746025890
1137746028089
1137746029794
1137746033908
1137746039518
1137746042334
1137746051992
1137746054126
1137746056172
1137746057305
1137746058680
1137746059219
1137746059241
1137746060077
1137746065566
1137746071099
1137746072420
1137746086279
1137746088809
1137746090811
1137746097499
1137746102812
1137746102889
1137746113416
1137746117981
1137746122029
1137746125153
1137746127144
1137746128035
1137746132468
1137746136791
1137746139740
1137746143259
1137746155392
1137746155535
1137746164093
1137746164797
1137746166117
1137746168130
1137746170022
1137746171727
1137746173531
1137746174653
1137746176468
1137746177117
1137746178558
1137746178866
1137746179262
1137746184663
1137746187633
1137746187842
1137746191615
1137746193254
1137746197049
1137746197104
1137746197742
1137746200679
1137746206938
1137746208159
1137746209534
1137746215430
1137746215496
1137746217674
1137746218587
1137746219731
1137746220743
1137746221360
1137746222657
1137746231930
1137746235440
1137746237892
1137746239982
1137746241016
1137746243051
1137746245735
1137746248254
1137746249409
1137746249948
1137746251004
1137746259970
1137746260981
1137746261465
1137746262609
1137746265370
1137746273290
1137746276502
1137746276986
1137746281540
1137746283542
1137746293409
1137746295818
1137746297336
1137746300207
1137746303309
1137746310976
1137746312406
1137746313704
1137746315321
1137746315893
1137746316168
1137746316421
1137746318170
1137746320150
1137746320304
1137746320436
1137746320656
1137746324363
1137746325155
1137746325716
1137746332613
1137746338498
1137746340291
1137746340324
1137746341061
1137746341204
1137746343745
1137746344383
1137746347452
1137746350280
1137746367516
1137746367890
1137746368022
1137746369463
1137746371366
1137746373973
1137746389571
1137746391430
1137746393003
1137746393718
1137746397931
1137746401836
1137746404344
1137746405125
1137746405389
1137746406280
1137746415498
1137746416081
1137746418578
1137746428247
1137746432801
1137746434275
1137746436233
1137746436431
1137746440644
1137746445418
1137746447508
1137746453624
1137746454493
1137746456616
1137746457364
1137746457661
1137746460818
1137746461819
1137746473138
1137746475195
1137746475437
1137746475460
1137746477021
1137746478176
1137746482026
1137746491464
1137746497844
1137746499164
1137746501661
1137746502233
1137746503058
1137746510868
1137746511430
1137746516896
1137746518051
1137746521362
1137746527270
1137746536377
1137746540282
1137746546629
1137746561480
1137746565802
1137746566143
1137746571522
1137746575064
1137746577605
1137746588330
1137746593962
1137746594611
1137746595360
1137746599913
1137746603664
1137746604665
1137746608779
1137746609219
1137746611617
1137746612145
1137746624058
1137746632187
1137746645761
1137746649303
1137746653307
1137746659445
1137746674383
1137746687748
1137746691345
1137746692698
1137746696031
1137746698540
1137746698858
1137746699881
1137746716491
1137746722354
1137746724741
1137746726380
1137746730494
1137746731572
1137746731583
1137746740669
1137746756256
1137746760580
1137746760854
1137746764781
1137746767124
1137746771898
1137746772811
1137746774153
1137746774406
1137746774439
1137746775308
1137746779257
1137746782073
1137746784636
1137746785110
1137746788255
1137746791995
1137746808308
1137746823037
1137746823950
1137746827250
1137746829868
1137746833135
1137746846930
1137746864749
1137746868555
1137746871998
1137746874836
1137746876904
1137746877476
1137746879357
1137746886221
1137746886771
1137746887629
1137746889610
1137746909607
1137746914942
1137746918418
1137746926910
1137746927372
1137746928494
1137746936360
1137746937712
1137746953244
1137746955609
1137746956313
1137746959327
1137746959888
1137746960119
1137746989907
1137746995704
1137799008280
1137799010007
1137799010986
1137847028384
1137847032036
1137847037525
1137847048723
1137847054630
1137847065982
1137847073968
1137847128275
1137847132830
1137847140199
1137847142531
1137847146722
1137847155247
1137847186707
1137847217310
1137847235349
1137847237769
1137847246404
1137847293319
1137847331357
1137847366084
1137847437221
1137847475908
1137847492892
1137847509403
1137901001259
1137901001886
1138901000380
1138904001037
1140280025060
1140725000261
1141001044964
1141101002195
1141101003746
1141650017255
1141651000193
1141651003042
1141689001431
1141719000543
1141831004105
1141838000677
1141840001159
1142130003542
1142130008492
1142130011935
1142225001412
1142225003777
1142225009937
1142225014777
1142308012670
1142310004110
1142311013866
1142312000038
1142312005770
1142312006429
1142315004094
1142315018295
1142348000541
1142468026755
1142502003203
1142510000071
1142536002366
1142536002795
1142537004708
1142543005846
1142543006979
1142543007881
1142543011863
1142651006970
1142651029773
1142703003948
1142724002277
1142724008547
1143123001493
1143123002406
1143123004518
1143123005992
1143123008060
1143123009105
1143123009127
1143123009457
1143123009480
1143123012284
1143123014000
1143123014143
1143123014165
1143123016354
1143123017234
1143123018598
1143123018610
1143123019236
1143123019676
1143123020006
1143123020391
1143123020468
1143130001410
1143256003890
1143256009093
1143256012382
1143300000370
1143304000058
1143304001202
1143326000400
1143327000926
1143327001124
1143327003500
1143327005436
1143327005678
1143327005722
1143327005887
1143327005964
1143328000386
1143328000892
1143328001860
1143328002476
1143328003356
1143328003367
1143328004104
1143328004258
1143328004478
1143328004929
1143328004940
1143328006117
1143332000833
1143332001097
1143332001449
1143332001526
1143332002220
1143332002483
1143332013791
1143334000875
1143339000200
1143339000530
1143339001035
1143340005137
1143435005988
1143443033140
1143456000643
1143525008681
1143525008714
1143525009011
1143525021397
1143525022112
1143525033563
1143668052813
1143668077453
1143702011375
1143702013201
1143702024850
1143711001323
1143850005309
1143926000382
1143926002318
1144004000480
1144011000660
1144011001353
1144024000383
1144024000427
1144025000217
1144025000338
1144025000635
1144025002219
1144025002395
1144027000810
1144027001304
1144027001470
1144027001623
1144027001689
1144027001876
1144027002305
1144027002833
1144027004175
1144027004219
1144028000566
1144028001523
1144028002414
1144028002623
1144029000510
1144029000950
1144029001071
1144029001687
1144029001896
1144250000487
1144345021292
1144401008190
1144437001785
1144613000036
1144628000164
1144632001040
1144632012030
1144632013327
1144704001837
1144725001013
1144813000859
1145000000122
1145000000640
1145000001926
1145001003333
1145003000010
1145003003628
1145004000624
1145004001229
1145005000359
1145005002097
1145007003900
1145009000421
1145009000641
1145010000960
1145010003181
1145012000055
1145012001530
1145012001749
1145012003080
1145012003344
1145012005247
1145017004175
1145017005000
1145017008278
1145017050232
1145018003151
1145018004450
1145019000202
1145020001488
1145020001565
1145024000186
1145024002364
1145024002375
1145024004070
1145024004344
1145024005125
1145024008095
1145024008360
1145024009063
1145027011370
1145027014252
1145027017596
1145027019334
1145027321218
1145029006308
1145029006759
1145029009003
1145029009850
1145029012150
1145029024800
1145031002093
1145031002456
1145031003798
1145032003951
1145032004116
1145032004710
1145032007120
1145032009781
1145032010980
1145032041615
1145034001386
1145038005705
1145038110580
1145040000478
1145040004163
1145040004581
1145040004592
1145040006473
1145040006814
1145040008871
1145040010290
1145040011027
1145040013293
1145042000443
1145044000815
1145044001464
1145044003060
1145047000988
1145047002935
1145047003408
1145047011361
1145047012000
1145047012516
1145048000789
1145048001449
1145050002426
1145050003636
1145050005495
1145050006177
1145074000301
1145074002083
1145074002853
1145074003293
1145074003909
1145074006120
1145074006670
1145074009475
1145074010410
1145074011730
1145074015338
1145075000465
1145075000762
1145075001323
1145075002984
1145190026398
1145257004463
1145259004714
1145262013522
1145262046060
1145331001144
1145476064579
1145476067021
1145476088999
1145476089440
1145476100890
1145476125190
1145543013879
1145543020523
1145658002258
1145658022916
1145658025677
1145658035665
1145658035731
1145658338528
1145658339419
1145834002379
1145835001278
1145837003950
1145958035497
1145958053020
1145958054791
1145958054813
1145958067650
1146154003962
1146164001830
1146181001427
1146183002987
1146188000969
1146193000117
1146214000151
1146215000117
1146215000238
1146215000524
1146215000964
1146215001020
1146215001030
1146215001360
1146219001070
1146225000206
1146229000015
1146229000532
1146229001060
1146229002875
1146230000124
1146230000267
1146230000278
1146230000290
1146230001455
1146230001774
1146230002346
1146230002511
1146230002731
1146230016020
1146230016041
1146230016118
1146234000989
1146234002640
1146234002925
1146234002980
1146234003607
1146234003651
1146234003882
1146234003893
1146234003937
1146234004223
1146234004322
1146234004674
1146234005488
1146234005510
1146234006258
1146234006742
1146234007479
1146234007644
1146234007864
1146234007930
1146234009129
1146234010273
1146234011439
1146234011769
1146234012430
1146234012726
1146234013397
1146234013408
1146234014068
1146234024200
1146234024430
1146315000699
1146324010799
1146330000959
1146670000883
1146670016646
1146671000156
1146685027884
1146686001857
1146686015860
1146733000028
1146733000424
1146733000622
1146733000809
1146733001106
1146733001161
1146733001799
1146733002130
1146733002481
1146733002921
1146733004659
1146733004967
1146733005088
1146733005418
1146733005891
1146733005924
1146733006034
1146733006045
1146733007992
1146733008070
1146733008707
1146733008993
1146733009081
1146733009158
1146733009631
1146733010071
1146733010896
1146733011248
1146733011963
1146733012140
1146733012304
1146733012425
1146733012931
1146733014273
1146733017155
1146733017166
1146733017463
1146733017485
1146733018300
1146733018761
1146733018850
1146733019377
1146733020180
1146733020873
1146733021808
1146733022369
1146733022523
1146733022809
1146733023062
1146733023172
1146733023414
1146733033622
1146829004508
1146900001082
1146908000887
1146908001096
1146912000465
1146915000077
1146915000891
1146952000689
1146952000788
1146952001129
1146952001151
1146952001261
1146952001536
1146952003131
1146952003880
1146952005001
1146952005078
1146952007762
1146952008356
1146952008499
1146952008653
1146952008950
1146952008961
1146952009841
1146952010006
1146952011469
1146952012041
1146952012129
1146952012712
1146952012899
1146952013163
1146952013647
1146952014175
1146952014725
1146952015473
1146952015484
1146952015759
1146952015836
1146952015957
1146952016420
1146952017090
1146952017673
1146952018377
1146952018652
1146952019125
1146952019455
1146952019499
1146952020335
1146952020830
1146952021150
1146952021699
1146952022315
1146952022425
1146952022436
1146952022810
1146952022986
1146952023437
1146952023844
1146952023877
1146952034294
1147017003253
1147154001708
1147154001972
1147154002071
1147154003215
1147154003380
1147154006053
1147154006757
1147154006890
1147154007461
1147154009133
1147154009705
1147154010354
1147154010410
1147154012059
1147154012785
1147154013907
1147154014127
1147154014732
1147154016570
1147154017317
1147154017614
1147154017669
1147154019022
1147154020892
1147154023895
1147154024005
1147154024027
1147154025336
1147154025941
1147154026172
1147154026843
1147154026854
1147154028460
1147154029120
1147154030484
1147154034202
1147154034796
1147154035710
1147154037304
1147154038789
1147154039031
1147154039559
1147154039867
1147154039890
1147154040660
1147154040945
1147154044179
1147154044180
1147154044245
1147154044322
1147232021045
1147232050272
1147232055960
1147325003484
1147325005398
1147326000370
1147448005110
1147453013355
1147456019930
1147536004417
1147602000061
1147602000248
1147602000490
1147602000875
1147602001414
1147602002305
1147602003900
1147602004054
1147602004110
1147602005616
1147602005825
1147602006199
1147602007035
1147602007662
1147602009092
1147602009499
1147602009939
1147603001094
1147603001480
1147604000576
1147604000961
1147604001764
1147604001918
1147604002259
1147604002325
1147604003942
1147604004701
1147604005141
1147604006450
1147604007132
1147604007649
1147604008408
1147604009178
1147604010025
1147604010179
1147604011213
1147604011246
1147604012236
1147604014073
1147604014117
1147604014524
1147604014590
1147604014975
1147604015932
1147604016230
1147604016560
1147604017879
1147604019386
1147604021696
1147604021993
1147604023104
1147604023148
1147604023324
1147604244215
1147604244590
1147606005975
1147606008109
1147606008164
1147606008406
1147608001122
1147609000714
1147609002188
1147609002276
1147610000438
1147610001274
1147610001516
1147610002430
1147610002649
1147610003199
1147610003507
1147610003683
1147610003969
1147610004299
1147610004332
1147610006103
1147610006213
1147627000960
1147627001180
1147627001510
1147746018045
1147746018100
1147746019222
1147746023501
1147746027406
1147746028297
1147746034150
1147746035216
1147746038076
1147746047877
1147746056908
1147746062738
1147746074442
1147746080382
1147746082054
1147746090689
1147746096673
1147746117430
1147746122369
1147746123788
1147746128595
1147746142323
1147746144919
1147746145777
1147746146492
1147746146943
1147746154357
1147746154588
1147746159318
1147746159626
1147746163795
1147746163883
1147746182264
1147746188457
1147746192692
1147746193341
1147746196245
1147746197653
1147746219994
1147746222832
1147746223162
1147746226770
1147746227100
1147746233568
1147746235570
1147746237638
1147746258164
1147746261134
1147746262509
1147746289074
1147746289415
1147746292022
1147746293738
1147746296862
1147746298930
1147746307312
1147746307500
1147746309776
1147746311987
1147746323515
1147746330687
1147746346516
1147746347770
1147746352907
1147746397347
1147746397622
1147746398260
1147746400031
1147746400636
1147746401560
1147746402440
1147746413803
1147746416641
1147746418896
1147746423681
1147746423703
1147746427344
1147746427630
1147746430534
1147746431788
1147746435825
1147746441149
1147746445197
1147746457220
1147746460025
1147746472598
1147746480661
1147746483334
1147746484819
1147746512099
1147746524243
1147746528995
1147746544780
1147746570267
1147746572280
1147746574040
1147746574909
1147746575261
1147746597855
1147746601045
1147746601144
1147746603795
1147746604807
1147746610670
1147746621494
1147746628215
1147746630646
1147746650413
1147746652173
1147746653724
1147746656067
1147746680355
1147746692840
1147746693687
1147746708801
1147746713069
1147746713564
1147746713685
1147746716985
1147746720660
1147746721517
1147746724366
1147746724950
1147746725610
1147746738655
1147746746113
1147746747895
1147746752636
1147746755420
1147746756200
1147746756761
1147746769235
1147746770698
1147746770852
1147746773756
1147746778926
1147746780631
1147746786879
1147746788232
1147746788573
1147746808681
1147746827140
1147746827910
1147746828888
1147746828910
1147746829350
1147746844629
1147746855882
1147746858490
1147746863065
1147746863835
1147746865089
1147746866409
1147746866442
1147746868268
1147746869478
1147746871766
1147746872008
1147746885901
1147746887034
1147746890334
1147746894570
1147746918835
1147746918978
1147746920749
1147746922839
1147746922905
1147746923576
1147746923708
1147746927350
1147746930088
1147746931859
1147746949195
1147746949470
1147746952275
1147746967060
1147746967422
1147746968808
1147746983230
1147746985308
1147746986090
1147746987959
1147748001994
1147748002412
1147748005228
1147748006680
1147748008638
1147748012158
1147748013929
1147748015030
1147748020694
1147748025182
1147748027074
1147748027789
1147748030539
1147748133411
1147748134269
1147748154212
1147748154685
1147748157589
1147799002812
1147799005012
1147799010040
1147799014550
1147799015814
1147799018927
1147847007340
1147847125821
1147847126460
1147847204152
1147847209762
1147847216527
1147847231454
1147847232972
1147847247877
1147847250385
1147847273177
1147847274222
1147847281669
1147847290986
1147847293824
1147847294011
1147847294363
1147847296520
1147847296596
1147847300831
1147847303966
1147847309170
1147847310577
1147847321599
1147847337780
1147847379547
1147847380757
1147847384519
1147847389360
1147847397070
1147847420544
1147847548661
1148601000965
1148603003812
1149102007427
1149102022761
1149102030428
1149102061151
1149102100157
1149102103908
1149102108870
1149102180556
1149204034352
1150280024168
1150280034706
1150280035377
1150280049633
1150280063240
1150327008072
1150327025958
1150601000406
1150725001460
1151001016176
1151644000628
1151650005605
1151650020576
1151690001462
1151690017533
1151690019250
1151690024386
1151690024452
1151690024496
1151690051105
1151690083126
1151690086008
1151690108900
1151690108921
1151821000033
1151832022770
1151832026037
1151841001047
1151841001421
1152135000610
1152223005659
1152225005635
1152225031452
1152301000928
1152309003395
1152311005164
1152311017660
1152312011983
1152366000050
1152366007430
1152366008849
1152468036380
1152468040196
1152511002247
1152537009008
1152543021982
1152651019905
1152723001848
1152801001836
1153123003648
1153123007641
1153123007652
1153123011007
1153123012624
1153123012921
1153123014417
1153128004237
1153130000792
1153256003152
1153256005484
1153256008290
1153256008850
1153304000233
1153316154364
1153316154397
1153316154639
1153326000464
1153327000716
1153327000793
1153327001530
1153327001772
1153327002058
1153327002982
1153327004126
1153327004313
1153327004544
1153328001441
1153328001496
1153328001925
1153328002255
1153328002266
1153328003344
1153328005291
1153332000491
1153332001459
1153332001954
1153332002867
1153332003384
1153334000599
1153334001534
1153339001353
1153340000934
1153340002122
1153340003178
1153340004157
1153340004355
1153340004707
1153340005389
1153435004381
1153435005580
1153443001293
1153443009081
1153443026835
1153443027220
1153443031950
1153443032225
1153454000842
1153525004874
1153525009043
1153525012695
1153525034651
1153525036170
1153528001912
1153528002418
1153668022925
1153668022980
1153668058829
1153702003839
1153702021021
1153702021615
1153702021648
1153702022264
1153703000153
1153926018421
1153926018487
1153926018498
1154000000230
1154001010613
1154004000050
1154004000886
1154011001264
1154011001650
1154011001803
1154023010459
1154024010271
1154024010469
1154025000183
1154025000832
1154025000843
1154025000854
1154025001118
1154025001129
1154025001140
1154025001888
1154025002460
1154025003318
1154025003692
1154025003912
1154025004165
1154025004176
1154027000170
1154027000368
1154027000676
1154027000896
1154027001237
1154027001380
1154027002271
1154027002469
1154027002667
1154027002755
1154027002910
1154027003591
1154027004031
1154027004251
1154027004493
1154028000455
1154028000862
1154028000917
1154028001951
1154028002226
1154028002336
1154028002688
1154029000025
1154029001092
1154029002148
1154205004634
1154205009694
1154205011608
1154252001320
1154253001055
1154345001117
1154350000090
1154350012541
1154401001182
1154401001480
1154401002580
1154401007331
1154401008740
1154501002699
1154632006737
1154632009146
1154827001493
1154827004914
1155001004400
1155003001163
1155003001856
1155007000158
1155007000301
1155007000830
1155007001511
1155007001533
1155009001795
1155009003280
1155010001497
1155011000055
1155012000010
1155012002100
1155012003937
1155017000148
1155017001435
1155017003217
1155018001126
1155018001148
1155019000487
1155019000509
1155020000190
1155020000410
1155020001377
1155022002200
1155024001901
1155024003991
1155024006301
1155027001260
1155027001359
1155027004890
1155027008377
1155027009246
1155029001808
1155029003480
1155029003744
1155029004701
1155029005977
1155029007649
1155029010212
1155029011950
1155029011983
1155030001279
1155030002621
1155031000024
1155031000706
1155031005128
1155032002454
1155032006194
1155032007613
1155032008120
1155032008174
1155032008647
1155038000810
1155038004736
1155040001005
1155040001335
1155040001820
1155040004657
1155040006912
1155040007957
1155042003841
1155043002949
1155044001023
1155044002937
1155045001011
1155047000140
1155047003946
1155047004738
1155047012713
1155047014264
1155047014902
1155048000557
1155050000511
1155050002172
1155050005868
1155050007221
1155053000101
1155053001894
1155074002346
1155074004909
1155074005679
1155074007263
1155074009551
1155074010409
1155075000651
1155190007004
1155257008720
1155258000127
1155258006034
1155259003657
1155263005611
1155263006568
1155476016035
1155476080980
1155476122350
1155543015605
1155543029696
1155658025016
1155749000219
1155749002144
1155749009162
1155809000270
1155835003565
1155835006128
1155836001166
1155837000780
1155958060499
1155958067297
1155958068023
1155958097415
1155958097591
1155958125091
1155958128369
1156027003880
1156173010256
1156196075045
1156226000040
1156229000421
1156230000354
1156230000464
1156230000739
1156230001641
1156234000372
1156234000746
1156234001021
1156234001208
1156234001505
1156234001725
1156234002022
1156234002506
1156234003507
1156234003551
1156234004002
1156234004552
1156234005487
1156234005619
1156234006675
1156234006939
1156234007005
1156234008028
1156234008380
1156234008732
1156234009018
1156234009579
1156234010239
1156234011416
1156234011471
1156234011922
1156234012120
1156234012274
1156234012692
1156234013143
1156234013671
1156234013803
1156234013980
1156234014936
1156234015123
1156234015783
1156234016070
1156234016377
1156234016410
1156234016510
1156234017257
1156234017587
1156234017642
1156234019699
1156234020250
1156234020590
1156234020645
1156234021459
1156234021756
1156234022097
1156234022449
1156234023538
1156234023659
1156234024264
1156234024297
1156234024308
1156313006497
1156313032028
1156324002416
1156451009736
1156451018723
1156658086595
1156658105504
1156682000177
1156733000720
1156733001061
1156733001171
1156733001402
1156733001699
1156733002084
1156733002304
1156733004218
1156733004229
1156733004262
1156733004273
1156733004317
1156733004922
1156733005769
1156733006044
1156733006506
1156733006671
1156733006803
1156733007639
1156733008233
1156733008310
1156733008453
1156733008827
1156733009069
1156733009564
1156733009950
1156733010026
1156733010840
1156733011027
1156733011269
1156733011291
1156733011478
1156733011962
1156733012094
1156733012138
1156733012556
1156733012908
1156733014261
1156733014745
1156733015163
1156733015262
1156733016000
1156733016120
1156733016230
1156733016307
1156733016615
1156733016747
1156733017242
1156733018420
1156733019079
1156733019266
1156733019299
1156733020784
1156733021840
1156733021884
1156733022126
1156733022379
1156733022786
1156733023105
1156733023260
1156733023314
1156829007279
1156910000257
1156952000083
1156952001084
1156952001128
1156952001458
1156952001821
1156952002800
1156952002900
1156952003163
1156952004439
1156952004593
1156952004934
1156952005363
1156952006067
1156952006298
1156952006320
1156952007024
1156952008564
1156952009147
1156952009367
1156952009884
1156952010753
1156952011204
1156952011446
1156952011468
1156952011512
1156952012250
1156952012909
1156952013129
1156952014405
1156952014450
1156952014713
1156952015054
1156952015956
1156952016220
1156952018695
1156952019157
1156952020224
1156952020818
1156952021368
1156952021445
1156952021973
1156952022424
1156952022479
1156952023172
1156952023282
1156952023920
1156952024283
1156952025009
1156952025955
1156952025977
1156952026252
1156952026747
1156952026780
1156952026978
1156952027748
1156952027902
1157017004077
1157017012844
1157154000068
1157154000409
1157154000717
1157154000805
1157154001432
1157154002356
1157154002499
1157154002664
1157154002983
1157154003710
1157154005711
1157154007427
1157154007889
1157154008472
1157154009187
1157154009297
1157154009396
1157154009627
1157154010056
1157154010485
1157154010540
1157154012399
1157154012564
1157154013015
1157154013642
1157154013664
1157154014896
1157154015270
1157154015875
1157154016238
1157154017800
1157154017822
1157154018196
1157154018306
1157154018449
1157154018592
1157154019197
1157154019945
1157154020011
1157154021200
1157154021463
1157154021815
1157154022398
1157154024763
1157154025357
1157154027030
1157154027073
1157154027733
1157154028250
1157154028316
1157154030637
1157154032012
1157154032397
1157154033684
1157154034575
1157154034730
1157154034773
1157154035213
1157232011342
1157321010384
1157430000958
1157456002538
1157456004727
1157456018202
1157456018840
1157602000544
1157602000907
1157602002161
1157604000509
1157604001917
1157604002820
1157604002962
1157604003248
1157604003590
1157604003721
1157604004084
