1195081074979
1195081082140
1195081082790
1195081083526
1195081085297
1195081085660
1195081092777
1195081098090
1195081099311
1195275026539
1195275035559
1195275037792
1195275047879
1195275052642
1195476031750
1195476033752
1195476040693
1195476046974
1195658004343
1195658009183
1195658013374
1195835004111
1195835018213
1196196000219
1196196006885
1196196015971
1196196019579
1196196031745
1196196034979
1196196044395
1196196046210
1196196047376
1196234001886
1196234002381
1196234002601
1196234003470
1196234004438
1196234004603
1196234004966
1196234005571
1196234005769
1196234005967
1196234006011
1196234006682
1196234006704
1196234007100
1196234007144
1196234007199
1196234008145
1196234010125
1196234011489
1196234012248
1196234012259
1196234013249
1196234013436
1196234014019
1196234014987
1196234015031
1196234016440
1196234016736
1196313020507
1196313024456
1196313047710
1196313051550
1196313056334
1196313077344
1196313090467
1196313097287
1196451012548
1196451017707
1196451021678
1196451025517
1196451027475
1196501002917
1196658042228
1196658050379
1196658051116
1196658064790
1196658087097
1196733000727
1196733001398
1196733001519
1196733001673
1196733002201
1196733002454
1196733003015
1196733003060
1196733003169
1196733003257
1196733003829
1196733004445
1196733004852
1196733005446
1196733006007
1196733006843
1196733007020
1196733008075
1196733008559
1196733008603
1196733009109
1196733009351
1196733009770
1196733010209
1196733010495
1196733011001
1196733011749
1196733011914
1196733012816
1196733012948
1196733013091
1196733013817
1196733014521
1196733015170
1196733015368
1196733016314
1196733016336
1196733016534
1196733017040
1196733017183
1196733017194
1196733017348
1196733017469
1196733017580
1196733017909
1196733018030
1196733018712
1196733019614
1196733019889
1196733020505
1196733020703
1196733020868
1196733021132
1196733021638
1196733021649
1196733021671
1196733022859
1196733023255
1196733023530
1196952000398
1196952000585
1196952002390
1196952002610
1196952002686
1196952003060
1196952003302
1196952003797
1196952004336
1196952004435
1196952004622
1196952005117
1196952005238
1196952005293
1196952005733
1196952008582
1196952009011
1196952009693
1196952010188
1196952010200
1196952010397
1196952010892
1196952010936
1196952011662
1196952012179
1196952013301
1196952013521
1196952013543
1196952014820
1196952015435
1196952015457
1196952015468
1196952015787
1196952016832
1196952017195
1196952017338
1196952018020
1196952018218
1197031057080
1197154000493
1197154001703
1197154001802
1197154003826
1197154004112
1197154004410
1197154005069
1197154005685
1197154005729
1197154006114
1197154006653
1197154008061
1197154008303
1197154009084
1197154009150
1197154009194
1197154009271
1197154009436
1197154010327
1197154010492
1197154010646
1197154010899
1197154010910
1197154011890
1197154012406
1197154013088
1197154013374
1197154013968
1197154014012
1197154014320
1197154014375
1197154014518
1197154014771
1197154014892
1197154014903
1197154015123
1197154015640
1197154016025
1197154016289
1197154017554
1197154017587
1197154018280
1197232007213
1197232012251
1197325004051
1197325004095
1197325015205
1197456029077
1197456038120
1197536006491
1197627002099
1197627002264
1197627002550
1197627003474
1197627003716
1197627004002
1197627004321
1197627004563
1197627005388
1197627005905
1197627006752
1197627007060
1197627007610
1197627007929
1197627008270
1197627008754
1197627008875
1197627010393
1197627011163
1197627011460
1197627012054
1197627014100
1197627014529
1197627015080
1197627015475
1197627015519
1197627016620
1197627016641
1197627017323
1197627019215
1197627019424
1197627019523
1197627019897
1197627020425
1197627020612
1197627020788
1197627022240
1197627022625
1197627023725
1197627023747
1197627023890
1197627024066
1197627024759
1197627025364
1197627025386
1197627026299
1197627026563
1197627026695
1197627028323
1197627028895
1197700003346
1197700013532
1197700015006
1197700017140
1197700017976
1197746000209
1197746002508
1197746003410
1197746005918
1197746009636
1197746009834
1197746010615
1197746015280
1197746015554
1197746024101
1197746024167
1197746029425
1197746029491
1197746031207
1197746031890
1197746039040
1197746040931
1197746041393
1197746044055
1197746049863
1197746050017
1197746051040
1197746051799
1197746052030
1197746052514
1197746053152
1197746060027
1197746078243
1197746078815
1197746079277
1197746079453
1197746081389
1197746083260
1197746088352
1197746089595
1197746094479
1197746096492
1197746097735
1197746101904
1197746102619
1197746105985
1197746112948
1197746116545
1197746118437
1197746121099
1197746132650
1197746134937
1197746135234
1197746139953
1197746145266
1197746151712
1197746155177
1197746157190
1197746158752
1197746159335
1197746164660
1197746165715
1197746166441
1197746174812
1197746177342
1197746177540
1197746179619
1197746183205
1197746186692
1197746187308
1197746190564
1197746191114
1197746191554
1197746194700
1197746195866
1197746196042
1197746198210
1197746198429
1197746200310
1197746202345
1197746202466
1197746202610
1197746205700
1197746208879
1197746216766
1197746217580
1197746219362
1197746219582
1197746220605
1197746226578
1197746228514
1197746230912
1197746232045
1197746236522
1197746237413
1197746244805
1197746253033
1197746253176
1197746253275
1197746254848
1197746254914
1197746261239
1197746261503
1197746268884
1197746271832
1197746274945
1197746275759
1197746275847
1197746280665
1197746281578
1197746288607
1197746291973
1197746294668
1197746314380
1197746316250
1197746316778
1197746318461
1197746321904
1197746324401
1197746325622
1197746327470
1197746334411
1197746335599
1197746336721
1197746342694
1197746344190
1197746344223
1197746347754
1197746348282
1197746351989
1197746357159
1197746357269
1197746360745
1197746368478
1197746368918
1197746374231
1197746380512
1197746381282
1197746381832
1197746383548
1197746384857
1197746398772
1197746410498
1197746411389
1197746415668
1197746417835
1197746426151
1197746428692
1197746428846
1197746430947
1197746431728
1197746434522
1197746434632
1197746434907
1197746435468
1197746438086
1197746438625
1197746439461
1197746443564
1197746453277
1197746455609
1197746458117
1197746458470
1197746462737
1197746464134
1197746464849
1197746467830
1197746470140
1197746480425
1197746487531
1197746488763
1197746492074
1197746495418
1197746495913
1197746496419
1197746498311
1197746501358
1197746501699
1197746502898
1197746511786
1197746515394
1197746526889
1197746527021
1197746530937
1197746531498
1197746532840
1197746548780
1197746553278
1197746553971
1197746556963
1197746557250
1197746563354
1197746564806
1197746568513
1197746570515
1197746572715
1197746573551
1197746580228
1197746580910
1197746581977
1197746584386
1197746584452
1197746585420
1197746587752
1197746588951
1197746592834
1197746594869
1197746595133
1197746600567
1197746603196
1197746609048
1197746609378
1197746615098
1197746616891
1197746618442
1197746620170
1197746621324
1197746622677
1197746624624
1197746632907
1197746638430
1197746638682
1197746638825
1197746641586
1197746645909
1197746646657
1197746650705
1197746655391
1197746658845
1197746670527
1197746671132
1197746672430
1197746674201
1197746675268
1197746676280
1197746677523
1197746679404
1197746680779
1197746681880
1197746682022
1197746684850
1197746686257
1197746688512
1197746692868
1197746693198
1197746693473
1197746698445
1197746699556
1197746699721
1197746700953
1197746703000
1197746704264
1197746705045
1197746711161
1197746712668
1197746712822
1197746716683
1197746717222
1197746719466
1197746719510
1197746720863
1197746723129
1197746724273
1197746724878
1197746728673
1197746730620
1197746731038
1197746731533
1197746732391
1197746734679
1197746737330
1197746738287
1197746739739
1197746744821
1197746746010
1197746746570
1197746747131
1197746748242
1197746751795
1197746753148
1197746754820
1197746758197
1197847013462
1197847015013
1197847063325
1197847064876
1197847064953
1197847068572
1197847084973
1197847089241
1197847138554
1197847153272
1197847155175
1197847162446
1197847173700
1197847177527
1197847185029
1197847195864
1197847197228
1197847224849
1197847230162
1197847236597
1198901002497
1200200007787
1200200036684
1200200057023
1200200060719
1200200068155
1200200073314
1200300022042
1201100001563
1201200004070
1201300001760
1201400006114
1201500002516
1201600003560
1201600018597
1201600037154
1201600061508
1201800008167
1201800013337
1201800022489
1202200019064
1202200030581
1202300024761
1202300038115
1202300039248
1202300049148
1202300068783
1202400004333
1202400010515
1202500010250
1202500013121
1202700004044
1202700005221
1202700007894
1202700016452
1202700021468
1203100011707
1203100018604
1203200000410
1203300003532
1203300004368
1203300004379
1203300004687
1203300004764
1203300004885
1203300005072
1203300005160
1203300005182
1203300005721
1203300006018
1203300006040
1203300007514
1203300007580
1203300008856
1203300008933
1203300009142
1203400000407
1203400007140
1203400013618
1203500004861
1203500016004
1203500018358
1203500029523
1203500030106
1203600024320
1203600027124
1203600029225
1203600035781
1203800002911
1203800007520
1204000001150
1204000001590
1204000001655
1204000002051
1204000002579
1204000003492
1204000003569
1204000005351
1204000005417
1204000005747
1204000005770
1204000007309
1204000007331
1204000008354
1204000008948
1204000010170
1204000010224
1204200000817
1204200017482
1204400004181
1205000003251
1205000004186
1205000005132
1205000005330
1205000007740
1205000012568
1205000013701
1205000015637
1205000016979
1205000017386
1205000020499
1205000020510
1205000020720
1205000025856
1205000025867
1205000026593
1205000027022
1205000029398
1205000032577
1205000032676
1205000035767
1205000036823
1205000037395
1205000037835
1205000040520
1205000042026
1205000042455
1205000042719
1205000044061
1205000044446
1205000045689
1205000050518
1205000050815
1205000053631
1205000055226
1205000055237
1205000055402
1205000058416
1205000060407
1205000061045
1205000061837
1205000061914
1205000066743
1205000066930
1205000069890
1205000073662
1205000073926
1205000077116
1205000078073
1205000079349
1205000084190
1205000085180
1205000087181
1205000087247
1205000088897
1205000091174
1205000094034
1205000097280
1205000098918
1205000100480
1205000102339
1205000103175
1205000104693
1205000105067
1205000107498
1205000110743
1205000111425
1205000117860
1205000118795
1205000118839
1205200001577
1205200002017
1205200008750
1205200029044
1205200042574
1205200048272
1205400042385
1205400050350
1205400060843
1205500021968
1205600006831
1205900023119
1205900027299
1206100004065
1206100019146
1206100023392
1206100041564
1206200000181
1206200001149
1206200003240
1206200003668
1206200003811
1206200004152
1206200004340
1206200004471
1206200005010
1206200005560
1206200006429
1206200006594
1206200006814
1206200007793
1206200007991
1206200008365
1206200008585
1206200010466
1206200011291
1206200011808
1206300015360
1206300021003
1206300071890
1206300073913
1206400006471
1206600028447
1206600049370
1206600065990
1206600068212
1206700001342
1206700002068
1206700002112
1206700003619
1206700003971
1206700005082
1206700005280
1206700005930
1206700006193
1206700006545
1206700006710
1206700006930
1206700007139
1206700008096
1206700008855
1206700009581
1206700010615
1206700010637
1206700010791
1206700011484
1206700011836
1206700012310
1206700013046
1206700013057
1206700013167
1206700013190
1206700013563
1206700014619
1206700015147
1206700016687
1206700017479
1206700017864
1206700017919
1206700017941
1206700018392
1206700018568
1206700018601
1206700018623
1206700019635
1206700019767
1206700019900
1206700019976
1206700020218
1206700020570
1206700020658
1206700020680
1206700020790
1206800000110
1206900001109
1206900001550
1206900001637
1206900001901
1206900003375
1206900003408
1206900003420
1206900003672
1206900003859
1206900004332
1206900004926
1206900004981
1206900005850
1206900006356
1206900007005
1206900007270
1206900007676
1206900008171
1206900008435
1206900009612
1206900010602
1206900010668
1206900010712
1206900010789
1206900011340
1206900011867
1206900014100
1206900014298
1206900014661
1206900015167
1206900015992
1207100000315
1207100001690
1207100002460
1207100004792
1207100006189
1207100006464
1207100007212
1207100008422
1207100008455
1207100008796
1207100009082
1207100009280
1207100009610
1207100010017
1207100010402
1207100012250
1207100012558
1207100013526
1207100014186
1207100014440
1207200019960
1207300007694
1207400042310
1207500003787
1207600000431
1207600000728
1207600000739
1207600000805
1207600001091
1207600001531
1207600002235
1207600002390
1207600003159
1207600004039
1207600004226
1207600005623
1207600005700
1207600007625
1207600007735
1207600008956
1207600009319
1207600009583
1207600010200
1207600010562
1207600010639
1207600011761
1207600011827
1207600012245
1207600012400
1207600013334
1207600013774
1207600013983
1207600014050
1207600014467
1207600014710
1207600015369
1207600015512
1207600015985
1207600016800
1207600016832
1207600019307
1207600019494
1207600019879
1207600019978
1207600020022
1207600020726
1207600022002
1207600022057
1207600022123
1207600022838
1207600023069
1207700000848
1207700007283
1207700010308
1207700010407
1207700014257
1207700014565
1207700014598
1207700014609
1207700016688
1207700018822
1207700019537
1207700027545
1207700029470
1207700030636
1207700032275
1207700034960
1207700036830
1207700038688
1207700038787
1207700040767
1207700040790
1207700040800
1207700041207
1207700044397
1207700044640
1207700045365
1207700047169
1207700047455
1207700048710
1207700051338
1207700051349
1207700053604
1207700053934
1207700054011
1207700057091
1207700059170
1207700059577
1207700060468
1207700061909
1207700065033
1207700066903
1207700068498
1207700068861
1207700070038
1207700070467
1207700071556
1207700072876
1207700078134
1207700078409
1207700085669
1207700089244
1207700091301
1207700092819
1207700092830
1207700099727
1207700104523
1207700105238
1207700105370
1207700106877
1207700107174
1207700107801
1207700110859
1207700114478
1207700116810
1207700120902
1207700122057
1207700122288
1207700125148
1207700126919
1207700129053
1207700132661
1207700137468
1207700137512
1207700142363
1207700142935
1207700146422
1207700149172
1207700156333
1207700161118
1207700161690
1207700161756
1207700161900
1207700162647
1207700163219
1207700163868
1207700168500
1207700186737
1207700191709
1207700193964
1207700195438
1207700195559
1207700195570
1207700195669
1207700196703
1207700197484
1207700198804
1207700199486
1207700200949
1207700201554
1207700201972
1207700205668
1207700205723
1207700206064
1207700206086
1207700206790
1207700207945
1207700208572
1207700209166
1207700211685
1207700213566
1207700213951
1207700215227
1207700216107
1207700216998
1207700221189
1207700221464
1207700225325
1207700233047
1207700234543
1207700234576
1207700236204
1207700237546
1207700242210
1207700243739
1207700245510
1207700246280
1207700251164
1207700251175
1207700252671
1207700257610
1207700258105
1207700258182
1207700260350
1207700267895
1207700268368
1207700268500
1207700268819
1207700270425
1207700272889
1207700276750
1207700277091
1207700282558
1207700285870
1207700296561
1207700299168
1207700299476
1207700300202
1207700301380
1207700307220
1207700307660
1207700308958
1207700310718
1207700311170
1207700311928
1207700315844
1207700318649
1207700319640
1207700323600
1207700326283
1207700328439
1207700330815
1207700331630
1207700331915
1207700333994
1207700334192
1207700335039
1207700335160
1207700337437
1207700338119
1207700339615
1207700340946
1207700342794
1207700343465
1207700343498
1207700343950
1207700347007
1207700348063
1207700349240
1207700349680
1207700349812
1207700350220
1207700352012
1207700353772
1207700353849
1207700354070
1207700355147
1207700359118
1207700360658
1207700360890
1207700363870
1207700367038
1207700369183
1207700370008
1207700372593
1207700373528
1207700373550
1207700374518
1207700376982
1207700379292
1207700381206
1207700383890
1207700384121
1207700385210
1207700385859
1207700385991
1207700387839
1207700389852
1207700391029
1207700391084
1207700393812
1207700393955
1207700394770
1207700395385
1207700397079
1207700403350
1207700404570
1207700405021
1207700409916
1207700412424
1207700413722
1207700414547
1207700415350
1207700416241
1207700417308
1207700419277
1207700420091
1207700420740
1207700421444
1207700423776
1207700424623
1207700427219
1207700433280
1207700433984
1207700434336
1207700436833
1207700438615
1207700439451
1207700440188
1207700440716
1207700443246
1207700447437
1207700449021
1207700452310
1207700457601
1207700460220
1207700461286
1207700463948
1207700466896
1207700469294
1207700474717
1207700475620
1207700476763
1207700477368
1207700478116
1207700478347
1207700486850
1207700491316
1207700494935
1207700497751
1207700498323
1207800008426
1207800015455
1207800017842
1207800023089
1207800029250
1207800032010
1207800034705
1207800039490
1207800052900
1207800053339
1207800076990
1207800084579
1207800087263
1207800093456
1207800099374
1207800109472
1207800126775
1207800137973
1207800140250
1207800142109
1207800145101
1207800152350
1207800154957
1207800156167
1207800164736
1207800166166
1208600009727
1208900003476
1210200013044
1210200021393
1210200033130
1210200040863
1210200054646
1210300015947
1210500016154
1210900000827
1211000000562
1211100001958
1211400008907
1211600005473
1211600041564
1211600048483
1211800006868
1211800014535
1211800017142
1211800024370
1212100009010
1212200008096
1212200009779
1212200009812
1212200027016
1212300000582
1212300000890
1212300011461
1212300020107
1212300026234
1212300035342
1212300046925
1212300062039
1212400000570
1212400011174
1212400014870
1212500002351
1212500007158
1212500008930
1212500011316
1212500022437
1212500022503
1212500024736
1212600008675
1212600009060
1212700003339
1212700008432
1212700015164
1212900003690
1213000003864
1213100013202
1213200005017
1213300000627
1213300001980
1213300003157
1213300003432
1213300004235
1213300004378
1213300005600
1213300005665
1213300005687
1213300007040
1213300007733
1213300008129
1213300008261
1213300008470
1213300009328
1213300009559
1213300009746
1213300010054
1213300010109
1213300010197
1213500005674
1213500009755
1213500012747
1213500015827
1213600006586
1213600031050
1213700000579
1213700006332
1213700010226
1213800013096
1213900001545
1213900015933
1214000000081
1214000000279
1214000000312
1214000000840
1214000001643
1214000002457
1214000003260
1214000004052
1214000005702
1214000006054
1214000006978
1214000007275
1214000008166
1214000008254
1214000009585
1214000009607
1214000009630
1214000009970
1214000010322
1214300004434
1214700014451
1215000000533
1215000002150
1215000002524
1215000005516
1215000005703
1215000009586
1215000013140
1215000017594
1215000018782
1215000021818
1215000028210
1215000028616
1215000031443
1215000033093
1215000036426
1215000045435
1215000049021
1215000049560
1215000049703
1215000051419
1215000051969
1215000054235
1215000054851
1215000055050
1215000056006
1215000059449
1215000063937
1215000064201
1215000065488
1215000067237
1215000067919
1215000068546
1215000071021
1215000073837
1215000074706
1215000079140
1215000079293
1215000083110
1215000085376
1215000085772
1215000091173
1215000092196
1215000093758
1215000095364
1215000098323
1215000100226
1215000103229
1215000103526
1215000106529
1215000106540
1215000109433
1215000109543
1215000110160
1215000112800
1215000113525
1215000115000
1215000115330
1215000115637
1215000119179
1215000120158
1215000120873
1215000121214
1215000122116
1215000123260
1215000123370
1215000123502
1215000124921
1215000124943
1215000127385
1215000127737
1215000131829
1215100005790
1215200037183
1215300001784
1215400014961
1215400034409
1215400034717
1215400051030
1215600009877
1215700004167
1215800008050
1216100011566
1216100013612
1216100031201
1216200000048
1216200001104
1216200001137
1216200001159
1216200001687
1216200002391
1216200002743
1216200003150
1216200003392
1216200005130
1216200007187
1216200008826
1216200009123
1216200009156
1216200010454
1216200011653
1216200011928
1216300008957
1216300015250
1216300036590
1216300050823
1216300056390
1216400007383
1216400007812
1216400011520
1216400011849
1216400013268
1216600016709
1216600025806
1216600039633
1216600054054
1216600067001
1216700000021
1216700000120
1216700000131
1216700000263
1216700000373
1216700001022
1216700001066
1216700001264
1216700001440
1216700001528
1216700001583
1216700002090
1216700003145
1216700003244
1216700003365
1216700003563
1216700003574
1216700004432
1216700004620
1216700004641
1216700005576
1216700005972
1216700005983
1216700006005
1216700006027
1216700006071
1216700006731
1216700007215
1216700007292
1216700007314
1216700007336
1216700007600
1216700007897
1216700008403
1216700008546
1216700008645
1216700009393
1216700009789
1216700010053
1216700010207
1216700010933
1216700011076
1216700011274
1216700011307
1216700011340
1216700012770
1216700012825
1216700012869
1216700012990
1216700013342
1216700013640
1216700013705
1216700013716
1216700013947
1216700015322
1216700015586
1216700015762
1216700015839
1216700016125
1216700016466
1216700016500
1216700017049
1216700017137
1216700017148
1216700017192
1216700017797
1216700017820
1216700017907
1216700019029
1216700019194
1216700021405
1216700021493
1216700023121
1216700023352
1216900000327
1216900001823
1216900003210
1216900003540
1216900004199
1216900004265
1216900005673
1216900006102
1216900006157
1216900006619
1216900007334
1216900007466
1216900007598
1216900008335
1216900008896
1216900009039
1216900009556
1216900009590
1216900011217
1216900011240
1216900011613
1216900013076
1216900013505
1216900014297
1216900014649
1216900015111
1216900015287
1216900015386
1216900015496
1216900015716
1216900015958
1216900016189
1217000003208
1217100000303
1217100000391
1217100000512
1217100001183
1217100001282
1217100001788
1217100001799
1217100002228
1217100002240
1217100002954
1217100003108
1217100005044
1217100005760
1217100006265
1217100006408
1217100006727
1217100007354
1217100008124
1217100008597
1217100008828
1217100009060
1217100009390
1217100009741
1217100009961
1217100010423
1217100010632
1217100011589
1217100012216
1217100012557
1217100014207
1217100014735
1217200001622
1217400008770
1217400010805
1217400015579
1217400017482
1217400027866
1217600000067
1217600000200
1217600000386
1217600002553
1217600002696
1217600002993
1217600003301
1217600003488
1217600003510
1217600004159
1217600005446
1217600005578
1217600005688
1217600005700
1217600005754
1217600005798
1217600005809
1217600006062
1217600006689
1217600006854
1217600007316
1217600008284
1217600008647
1217600009373
1217600010022
1217600010100
1217600010297
1217600010858
1217600011771
1217600012013
1217600012640
1217600012673
1217600013355
1217600013840
1217600014170
1217600014334
1217600014587
1217600014895
1217600015236
1217600015764
1217600015863
1217600015951
1217600016160
1217600016644
1217600018536
1217600019141
1217600019504
1217600019669
1217600020120
1217600020131
1217600020440
1217600021066
1217600021385
1217700000187
1217700002321
1217700002871
1217700003047
1217700005346
1217700005643
1217700010406
1217700017798
1217700024310
1217700025058
1217700027820
1217700027962
1217700030778
1217700033650
1217700034496
1217700038005
1217700043747
1217700045309
1217700045430
1217700047586
1217700047850
1217700052096
1217700053581
1217700056177
1217700057354
1217700057508
1217700057959
1217700058707
1217700060390
1217700063899
1217700064779
1217700071731
1217700077011
1217700079387
1217700081037
1217700086130
1217700086438
1217700089782
1217700090585
1217700093566
1217700094336
1217700095491
1217700095502
1217700103015
1217700106623
1217700107756
1217700108438
1217700110517
1217700110671
1217700111661
1217700114455
1217700115478
1217700115907
1217700116842
1217700118954
1217700123915
1217700129206
1217700130900
1217700131220
1217700132099
1217700132517
1217700136059
1217700138468
1217700139117
1217700139403
1217700144859
1217700145244
1217700146652
1217700148830
1217700150271
1217700150931
1217700155507
1217700155639
1217700159820
1217700160765
1217700167244
1217700169851
1217700172139
1217700172249
1217700185295
1217700194568
1217700195107
1217700197659
1217700198957
1217700199342
1217700203357
1217700204006
1217700209418
1217700215809
1217700215974
1217700225159
1217700227964
1217700228206
1217700229097
1217700230428
1217700231770
1217700231979
1217700232155
1217700233178
1217700236104
1217700236115
1217700239250
1217700241329
1217700247710
1217700248248
1217700249282
1217700250580
1217700250745
1217700256553
1217700258302
1217700263660
1217700268609
1217700269380
1217700269467
1217700274890
1217700275100
1217700275198
1217700276023
1217700277442
1217700280060
1217700280423
1217700280500
1217700281963
1217700285604
1217700286198
1217700286704
1217700287012
1217700288343
1217700288387
1217700292578
1217700295416
1217700296241
1217700298639
1217700298969
1217700300212
1217700300344
1217700301477
1217700305239
1217700309386
1217700311707
1217700311872
1217700315029
1217700316701
1217700317603
1217700320782
1217700323774
1217700326029
1217700326403
1217700328427
1217700330990
1217700331001
1217700338481
1217700343200
1217700343497
1217700344707
1217700349019
1217700350515
1217700352055
1217700352638
1217700353166
1217700354211
1217700355883
1217700357797
1217700364793
1217700367169
1217700368380
1217700369545
1217700370030
1217700370140
1217700373219
1217700373252
1217700376442
1217700382778
1217700383262
1217700385066
1217700390104
1217700390775
1217700392172
1217700397067
1217700399036
1217700400037
1217700402149
1217700406120
1217700407033
1217700407363
1217700407726
1217700410817
1217700411983
1217700416010
1217700416174
1217700418847
1217700419958
1217700419969
1217700420046
1217700422390
1217700429396
1217700429891
1217700429980
1217700432531
1217700439010
1217700439329
1217700440066
1217700440561
1217700440781
1217700440803
1217700441199
1217700442850
1217700445665
1217700445951
1217700446150
1217700448932
1217700449438
1217700455818
1217700456148
1217700457116
1217700457292
1217700459877
1217700460207
1217700463232
1217700465146
1217700466488
1217700471010
1217700475013
1217700475409
1217700479358
1217700484847
1217700485067
1217700490622
1217700491447
1217700494186
1217700496694
1217700497607
1217700498740
1217700500104
1217700502140
1217700502557
1217700504515
1217700507331
1217700508728
1217700510400
1217700510422
1217700512622
1217700512985
1217700516241
1217700521389
1217700523523
1217700524293
1217700526340
1217700529969
1217700532191
1217700534369
1217700534545
1217700534842
1217700536008
1217700539407
1217700540441
1217700540738
1217700542718
1217700543444
1217700547459
1217700550506
1217700557381
1217700559064
1217700561022
1217700565620
1217700565895
1217700567787
1217700569107
1217700570141
1217700570460
1217700571351
1217700572209
1217700573639
1217700575586
1217700578127
1217700583099
1217700584463
1217700585090
1217700586003
1217700586256
1217700586751
1217700591184
1217700591228
1217700592702
1217700596937
1217700597135
1217700597564
1217700600479
1217700601106
1217700601326
1217700601360
1217700601480
1217700602140
1217700602272
1217700603669
1217700604660
1217700606518
1217700607376
1217700607563
1217700607860
1217700608806
1217700609576
1217700610709
1217700617177
1217700619289
1217700619290
1217700621170
1217700621324
1217700621533
1217700622370
1217700626802
1217700630168
1217700630619
1217700631730
1217700634700
1217700636614
1217700636812
1217700638430
1217700638869
1217700643016
1217700643819
1217700644435
1217700645360
1217700646492
1217700647746
1217700647856
1217700648153
1217700649836
1217800003904
1217800017137
1217800024100
1217800024320
1217800036530
1217800043031
1217800043493
1217800044648
1217800073919
1217800084226
1217800098670
1217800109086
1217800112738
1217800123749
1217800129447
1217800132681
1217800138291
1217800157915
1217800164009
1217800164988
1217800169003
1217800179805
1217800180245
1217800197790
1217800199121
1219100009875
1219100011943
1219100014704
1219100015200
1219200006189
1220200043018
1220200044580
1220800001762
1221000003146
1221000005885
1221100000032
1221200003980
1221300004090
1221400003406
1221500000149
1221600005263
1221600020883
1221600023820
1221600024590
1221600034160
1221600056590
1221600065466
1221600067765
1221600076653
1221600091855
1221800002170
1221800017746
1221800018747
1222300002198
1222300012550
1222300014650
1222300017444
1222300041545
1222300043701
1222300047430
1222300048233
1222300049256
1222300053766
1222400031600
1222500019785
1222500020093
1222700015196
1222700016000
1223000000618
1223000002950
1223100012080
1223200004312
1223300001132
1223300001517
1223300002397
1223300003684
1223300006005
1223300006170
1223300006710
1223300007336
1223300007677
1223300007853
1223300009635
1223300009844
1223300009921
1223300009987
1223400009546
1223400010503
1223400011086
1223500010579
1223600007333
1223700001480
1224000000718
1224000002434
1224000002819
1224000003457
1224000003864
1224000004447
1224000007472
1224000007505
1224000007560
1224000009452
1224000009551
1224000009848
1224000009980
1224000010211
1224200002641
1224200007162
1224800003262
1224800007728
1225000002908
1225000003007
1225000003140
1225000003249
1225000003645
1225000005933
1225000006692
1225000007430
1225000007946
1225000008056
1225000008200
1225000008298
1225000008310
1225000009079
1225000009080
1225000009519
1225000010070
1225000010421
1225000010510
1225000011334
1225000011972
1225000012621
1225000013754
1225000013897
1225000015327
1225000016581
1225000017021
1225000017263
1225000017373
1225000019518
1225000019815
1225000020464
1225000021872
1225000022070
1225000022719
1225000022851
1225000023478
1225000023489
1225000023907
1225000024127
1225000025931
1225000026305
1225000026745
1225000026844
1225000026855
1225000028945
1225000030375
1225000030672
1225000030860
1225000030969
1225000031607
1225000031651
1225000031739
1225000031937
1225000032025
1225000032542
1225000032883
1225000033257
1225000033290
1225000033466
1225000034016
1225000034599
1225000034820
1225000035260
1225000036513
1225000036645
1225000037448
1225000037624
1225000038372
1225000039604
1225000039615
1225000040176
1225000040407
1225000040913
1225000040924
1225000041023
1225000042277
1225000042618
1225000042750
1225000042783
1225000042794
1225000043322
1225000043641
1225000043652
1225000043663
1225000043674
1225000043685
1225000043949
1225000043993
1225000044334
1225000044752
1225000045819
1225000047810
1225000047887
1225000048173
1225000048206
1225000048426
1225000048460
1225000048536
1225000049691
1225000049702
1225000049724
1225000049735
1225000050274
1225000051693
1225000051715
1225000051836
1225000052122
1225000052265
1225000053299
1225000053607
1225000053827
1225000053838
1225000053849
1225000053850
1225000054036
1225000055191
1225000055202
1225000055367
1225000055389
1225000055719
1225000056115
1225000056918
1225000056929
1225000056930
1225000056940
1225000057116
1225000057457
1225000057523
1225000057611
1225000058172
1225000058227
1225000058656
1225000058832
1225000058975
1225000059019
1225000062055
1225000062737
1225000062748
1225000062957
1225000064387
1225000064398
1225000064410
1225000064420
1225000064431
1225000065179
1225000066213
1225000069337
1225000069348
1225000070350
1225000072285
1225000073187
1225000074485
1225000074892
1225000074914
1225000075387
1225000075541
1225000075651
1225000075739
1225000077070
1225000077477
1225000078797
1225000078918
1225000078951
1225000078984
1225000081987
1225000082603
1225000084781
1225000085310
1225000085584
1225000088136
1225000088147
1225000088950
1225000089049
1225000089060
1225000089082
1225000089093
1225000089104
1225000089995
1225000091062
1225000091073
1225000091117
1225000094186
1225000094692
1225000096837
1225000097464
1225000097519
1225000097937
1225000098180
1225000098432
1225000098795
1225000098861
1225000100742
1225000100797
1225000101501
1225000101930
1225000103063
1225000103547
1225000103591
1225000106209
1225000106913
1225000106968
1225000107980
1225000108882
1225000109498
1225000109806
1225000109861
1225000109971
1225000109982
1225000110290
1225000110400
1225000110444
1225000110697
1225000110720
1225000111280
1225000112270
1225000112281
1225000112853
1225000113140
1225000113470
1225000114580
1225000114767
1225000116032
1225000116472
1225000117033
1225000117044
1225000117540
1225000117924
1225000118595
1225000118705
1225000118750
1225000120069
1225000121015
1225000122270
1225000122720
1225000122731
1225000122852
1225000123413
1225000125283
1225000125680
1225000125789
1225000128341
1225000128517
1225000128649
1225000128770
1225000128825
1225000128935
1225000128980
1225000130387
1225000130585
1225000131840
1225000132081
1225000132092
1225000132290
1225000132664
1225000132818
1225000132829
1225000133742
1225000133820
1225000134787
1225000135942
1225000136107
1225000136503
1225000137141
1225000138032
1225000138110
1225000138252
1225000138461
1225000138945
1225000138956
1225000139176
1225000139209
1225000139352
1225000140045
1225000142091
1225000142443
1225000142553
1225000143070
1225000145721
1225000145985
1225000147107
1225200007207
1225200021628
1225200031870
1225200032320
1225200045619
1225300001662
1225400004081
1225400007810
1225400013728
1225400020086
1225500005378
1225500006984
1225500011362
1225700002670
1225700004375
1225800002592
1225800002625
1226100001490
1226100017351
1226100023291
1226100032212
1226200000234
1226200000894
1226200001015
1226200001213
1226200001334
1226200001950
1226200002005
1226200003347
1226200003545
1226200003590
1226200003787
1226200004161
1226200004249
1226200004678
1226200004964
1226200005349
1226200005470
1226200005888
1226200006548
1226200006713
1226200007164
1226200007175
1226200009210
1226300007450
1226300012377
1226300021859
1226300025423
1226300034707
1226300043584
1226300047808
1226600001055
1226600012803
1226600019469
1226600027235
1226600033967
1226600036112
1226600047244
1226600047904
1226600052018
1226600063381
1226700000020
1226700000174
1226700000185
1226700000196
1226700000207
1226700000328
1226700000405
1226700000449
1226700000702
1226700000988
1226700000999
1226700001000
1226700001021
1226700001098
1226700001395
1226700001406
1226700001428
1226700001483
1226700001714
1226700001758
1226700001880
1226700002781
1226700003188
1226700005058
1226700006576
1226700007115
1226700008215
1226700012318
1226700012681
1226700014045
1226700014287
1226700014529
1226700014595
1226700014793
1226700014870
1226700015002
1226700016817
1226700016840
1226700016861
1226700017356
1226700018379
1226700019655
1226700019677
1226700019820
1226700020106
1226700020337
1226700020469
1226700020601
1226700020975
1226700021690
1226700021888
1226700021932
1226700022306
1226700022702
1226700022757
1226700022856
1226700023769
1226700023824
1226700023967
1226700024088
1226700024110
1226700024121
1226700024242
1226700024418
1226700024627
1226700024781
1226900000293
1226900000326
1226900000359
1226900000568
1226900001041
1226900001184
1226900001217
1226900001272
1226900001327
1226900001822
1226900002394
1226900002427
1226900002779
1226900004715
1226900005881
1226900006299
1226900006332
1226900006343
1226900007124
1226900008147
1226900008598
1226900008642
1226900008774
1226900008851
1226900009126
1226900009962
1226900009973
1226900010072
1226900010347
1226900012162
1226900012272
1226900012492
1226900013141
1226900013603
1226900013614
1226900014000
1226900014131
1226900014505
1226900015242
1227100001259
1227100001292
1227100001369
1227100001776
1227100003107
1227100003228
1227100007331
1227100007507
1227100008871
1227100009751
1227100010037
1227100010170
1227100010840
1227100011214
1227100012655
1227100012732
1227100013018
1227100013414
1227100014734
1227100015890
1227100015900
1227100016318
1227200001401
1227200002534
1227200004217
1227300009452
1227300015799
1227400003104
1227400010837
1227400019131
1227400019956
1227400026590
1227400032397
1227500005534
1227500006128
1227500006920
1227600000176
1227600000682
1227600000836
1227600001310
1227600001540
1227600001892
1227600002167
1227600002233
1227600003542
1227600003652
1227600003696
1227600003971
1227600004610
1227600005071
1227600005577
1227600005841
1227600006347
1227600006402
1227600007304
1227600008129
1227600008184
1227600008460
1227600008525
1227600008536
1227600008745
1227600010032
1227600010494
1227600010692
1227600010769
1227600011594
1227600011682
1227600012056
1227600012485
1227600012628
1227600012848
1227600012881
1227600014784
1227600015147
1227600015499
1227600015543
1227600015631
1227600015840
1227600015994
1227600016753
1227600016984
1227600017600
1227600018051
1227600018161
1227600018249
1227600018480
1227600018909
1227600019063
1227600019261
1227600019558
1227600019877
1227600020834
1227600020856
1227600021010
1227600021263
1227700000307
1227700001066
1227700001209
1227700001550
1227700001627
1227700004553
1227700005257
1227700006885
1227700007391
1227700007941
1227700008150
1227700008161
1227700008370
1227700008744
1227700009063
1227700009404
1227700013133
1227700013144
1227700013287
1227700013441
1227700014662
1227700015454
1227700017270
1227700018479
1227700018765
1227700018930
1227700019216
1227700020305
1227700020426
1227700020448
1227700020459
1227700020470
1227700021196
1227700021801
1227700022615
1227700022802
1227700023407
1227700024045
1227700025772
1227700026058
1227700028159
1227700028665
1227700028984
1227700029996
1227700030249
1227700030700
1227700032735
1227700033725
1227700035925
1227700038323
1227700039753
1227700040370
1227700040435
1227700040952
1227700041601
1227700042074
1227700042349
1227700042503
1227700042932
1227700043405
1227700044550
1227700044615
1227700044747
1227700045374
1227700046298
1227700047607
1227700047618
1227700047629
1227700048575
1227700048740
1227700048883
1227700049830
1227700050368
1227700050434
1227700051127
1227700051578
1227700051700
1227700051743
1227700052128
1227700052766
1227700052865
1227700052920
1227700053899
1227700054031
1227700054284
1227700054394
1227700054548
1227700055593
1227700056320
1227700056517
1227700056616
1227700056814
1227700056968
1227700058255
1227700058948
1227700060136
1227700060235
1227700061049
1227700061302
1227700061412
1227700062402
1227700062820
1227700063172
1227700065152
1227700065339
1227700065614
1227700065669
1227700066307
1227700066824
1227700067627
1227700068386
1227700068639
1227700068860
1227700069233
1227700070487
1227700071521
1227700072225
1227700072335
1227700072380
1227700072841
1227700073094
1227700073182
1227700073644
1227700074359
1227700074689
1227700074986
1227700075096
1227700075833
1227700076262
1227700077604
1227700077648
1227700078430
1227700080167
1227700081982
1227700082015
1227700082169
1227700082444
1227700082829
1227700083027
1227700083368
1227700083380
1227700083786
1227700084083
1227700084435
1227700084545
1227700084589
1227700085557
1227700085579
1227700086052
1227700086734
1227700087922
1227700087933
1227700087944
1227700088505
1227700089099
1227700089363
1227700090188
1227700090265
1227700090298
1227700090408
1227700091101
1227700091134
1227700091266
1227700091376
1227700091387
1227700094270
1227700094313
1227700094357
1227700095611
1227700095920
1227700096304
1227700096470
1227700096700
1227700096766
1227700097195
1227700097239
1227700097525
1227700097899
1227700098064
1227700098526
1227700099330
1227700099670
1227700099791
1227700100033
1227700100594
1227700101012
1227700101078
1227700101276
1227700102024
1227700102541
1227700102761
1227700102772
1227700103290
1227700103806
1227700104136
1227700104279
1227700104565
1227700104576
1227700104796
1227700105600
1227700105621
1227700106523
1227700106732
1227700107227
1227700107579
1227700108195
1227700108250
1227700108690
1227700108712
1227700108767
1227700108899
1227700109097
1227700109647
1227700109790
1227700110241
1227700110296
1227700110670
1227700110835
1227700111055
1227700111781
1227700112573
1227700112970
1227700113080
1227700113145
1227700113156
1227700113167
1227700113629
1227700113882
1227700114410
1227700114620
1227700114685
1227700114729
1227700114949
1227700115235
1227700115389
1227700115610
1227700115796
1227700115818
1227700117006
1227700117260
1227700117501
1227700118238
1227700119074
1227700119195
1227700120438
1227700120471
1227700121054
1227700121230
1227700121373
1227700121483
1227700122550
1227700122616
1227700122836
1227700122847
1227700122946
1227700123617
1227700123804
1227700124321
1227700124717
1227700125597
1227700125652
1227700125674
1227700125773
1227700125916
1227700126103
1227700126180
1227700126972
1227700127005
1227700127126
1227700127159
1227700127160
1227700127643
1227700127654
1227700128061
1227700128149
1227700128369
1227700128820
1227700129348
1227700130096
1227700130107
1227700130624
1227700131207
1227700131394
1227700131658
1227700131845
1227700131878
1227700132747
1227700133154
1227700133320
1227700133946
1227700133990
1227700135288
1227700135300
1227700135585
1227700136377
1227700137070
1227700137191
1227700137378
1227700137620
1227700137840
1227700138126
1227700138610
1227700138698
1227700138820
1227700138951
1227700139017
1227700139226
1227700139259
1227700139655
1227700140018
1227700140249
1227700140348
1227700140381
1227700140469
1227700140470
1227700140612
1227700141140
1227700141195
1227700141206
1227700141316
1227700142053
1227700142328
1227700142383
1227700142966
1227700144440
1227700144902
1227700145210
1227700145804
1227700146640
1227700146794
1227700147025
1227700149115
1227700149929
1227700150050
1227700150138
1227700150259
1227700150710
1227700150930
1227700151095
1227700151172
1227700151634
1227700152338
1227700152547
1227700152580
1227700153086
1227700153482
1227700153647
1227700153845
1227700154637
1227700155517
1227700155770
1227700156947
1227700157200
1227700157871
1227700158070
1227700158113
1227700158344
1227700158355
1227700158949
1227700159411
1227700160038
1227700160467
1227700160489
1227700161028
1227700161127
1227700161226
1227700161512
1227700162414
1227700164670
1227700165307
1227700165978
1227700166100
1227700166253
1227700166880
1227700166891
1227700167045
1227700167804
1227700167970
1227700168068
1227700168255
1227700168321
