1227700168365
1227700169036
1227700169960
1227700170280
1227700171093
1227700171225
1227700171478
1227700171709
1227700171819
1227700171930
1227700172061
1227700172303
1227700174470
1227700174481
1227700174811
1227700175053
1227700175372
1227700175724
1227700175999
1227700176220
1227700177033
1227700177165
1227700177737
1227700178122
1227700178518
1227700179145
1227700179409
1227700179486
1227700182225
1227700183303
1227700184117
1227700184403
1227700184788
1227700184865
1227700188418
1227700189012
1227700189254
1227700189397
1227700189640
1227700190486
1227700190520
1227700191696
1227700192301
1227700192631
1227700194336
1227700194622
1227700196591
1227700196602
1227700196613
1227700196756
1227700197075
1227700197735
1227700198527
1227700199121
1227700200078
1227700200420
1227700200947
1227700201332
1227700202333
1227700202938
1227700203334
1227700203521
1227700203532
1227700204489
1227700204973
1227700205050
1227700205215
1227700205303
1227700205688
1227700207910
1227700208141
1227700208207
1227700208724
1227700208746
1227700208878
1227700209714
1227700210275
1227700211716
1227700212684
1227700213080
1227700213278
1227700213289
1227700213883
1227700214642
1227700214741
1227700216072
1227700216424
1227700217139
1227700217480
1227700217491
1227700217656
1227700217876
1227700218140
1227700218470
1227700218921
1227700219339
1227700219548
1227700219780
1227700220032
1227700220604
1227700221066
1227700222243
1227700222276
1227700223090
1227700223145
1227700223156
1227700223190
1227700223662
1227700224344
1227700224553
1227700225015
1227700225719
1227700226071
1227700226775
1227700231923
1227700232055
1227700232198
1227700232561
1227700232583
1227700232649
1227700232814
1227700233650
1227700233804
1227700233859
1227700234563
1227700234882
1227700235168
1227700235531
1227700236565
1227700237357
1227700237368
1227700237819
1227700238160
1227700238512
1227700239733
1227700240558
1227700240613
1227700241240
1227700242054
1227700243022
1227700243968
1227700244166
1227700244276
1227700245145
1227700245508
1227700245717
1227700245838
1227700245904
1227700246234
1227700247070
1227700247136
1227700247543
1227700248380
1227700248665
1227700249590
1227700249600
1227700250788
1227700250810
1227700250832
1227700251767
1227700251778
1227700252251
1227700252515
1227700253560
1227700253593
1227700253648
1227700253692
1227700253714
1227700253770
1227700254220
1227700254913
1227700254957
1227700256090
1227700256190
1227700256827
1227700256937
1227700257641
1227700258631
1227700259710
1227700259731
1227700261315
1227700262074
1227700263086
1227700263230
1227700263625
1227700263702
1227700263900
1227700264813
1227700264890
1227700265451
1227700265550
1227700265748
1227700265880
1227700266045
1227700267189
1227700267761
1227700267960
1227700267981
1227700268179
1227700268366
1227700269422
1227700269554
1227700269642
1227700269895
1227700273932
1227700274493
1227700275538
1227700276000
1227700277199
1227700278673
1227700279080
1227700279322
1227700279432
1227700279729
1227700279840
1227700279894
1227700280092
1227700280389
1227700280653
1227700280940
1227700281368
1227700281566
1227700281577
1227700281588
1227700281600
1227700284130
1227700286428
1227700287583
1227700287847
1227700287979
1227700288980
1227700289376
1227700290652
1227700290773
1227700291147
1227700291950
1227700292390
1227700292665
1227700292830
1227700293457
1227700293512
1227700293831
1227700294007
1227700294733
1227700294821
1227700295140
1227700295250
1227700295492
1227700295657
1227700297395
1227700299254
1227700300090
1227700300706
1227700300783
1227700301058
1227700301344
1227700301498
1227700302026
1227700304534
1227700305381
1227700306140
1227700307372
1227700308142
1227700309440
1227700309814
1227700310144
1227700310188
1227700310265
1227700310496
1227700310903
1227700311310
1227700312938
1227700313170
1227700314434
1227700314533
1227700314566
1227700314621
1227700314720
1227700314841
1227700315061
1227700315413
1227700315721
1227700315842
1227700316766
1227700316777
1227700316865
1227700318240
1227700318482
1227700319175
1227700319967
1227700320506
1227700322772
1227700322937
1227700323014
1227700323080
1227700323663
1227700324191
1227700324774
1227700324906
1227700326424
1227700327249
1227700328668
1227700330120
1227700330220
1227700330241
1227700331099
1227700331539
1227700331682
1227700331924
1227700332408
1227700333629
1227700334751
1227700334883
1227700336720
1227700337644
1227700337920
1227700338216
1227700338414
1227700338513
1227700338788
1227700338800
1227700339239
1227700339503
1227700341109
1227700341692
1227700341868
1227700342737
1227700342980
1227700343683
1227700344310
1227700344354
1227700344464
1227700346048
1227700346312
1227700347621
1227700347918
1227700348512
1227700349854
1227700350151
1227700351042
1227700351779
1227700352252
1227700352263
1227700353033
1227700353473
1227700353583
1227700353836
1227700354848
1227700355684
1227700356124
1227700356179
1227700356432
1227700356465
1227700356652
1227700357257
1227700359490
1227700359501
1227700359567
1227700360227
1227700360414
1227700360942
1227700361020
1227700361536
1227700361778
1227700362108
1227700362317
1227700362911
1227700362955
1227700363560
1227700363857
1227700366860
1227700366882
1227700368521
1227700368576
1227700370303
1227700370391
1227700371557
1227700371700
1227700372800
1227700373922
1227700375836
1227700379290
1227700381028
1227700381204
1227700381248
1227700383173
1227700384482
1227700384647
1227700384801
1227700385395
1227700385472
1227700386033
1227700386693
1227700386980
1227700387881
1227700388640
1227700389421
1227700389729
1227700391775
1227700393689
1227700394020
1227700394613
1227700394668
1227700395097
1227700395340
1227700395801
1227700397968
1227700398188
1227700399596
1227700400146
1227700400388
1227700401081
1227700404832
1227700405195
1227700405680
1227700405987
1227700406834
1227700407087
1227700409144
1227700411201
1227700412400
1227700412785
1227700413005
1227700413478
1227700415172
1227700417482
1227700418494
1227700418692
1227700419099
1227700419935
1227700422586
1227700422652
1227700424280
1227700424588
1227700424731
1227700425226
1227700425633
1227700426106
1227700426326
1227700426568
1227700426689
1227700426953
1227700427283
1227700427470
1227700428010
1227700428053
1227700428779
1227700429065
1227700429131
1227700429516
1227700430528
1227700430583
1227700430650
1227700431111
1227700431320
1227700431661
1227700431716
1227700432300
1227700432574
1227700433180
1227700433190
1227700433366
1227700433388
1227700434390
1227700434510
1227700434840
1227700435489
1227700435973
1227700436996
1227700437315
1227700437348
1227700437535
1227700437557
1227700438008
1227700438074
1227700440549
1227700440560
1227700440681
1227700440978
1227700441605
1227700441616
1227700441715
1227700441792
1227700441870
1227700442067
1227700442485
1227700443277
1227700444817
1227700445246
1227700446038
1227700446324
1227700447545
1227700447908
1227700448986
1227700449129
1227700449217
1227700449624
1227700449767
1227700450482
1227700451220
1227700451395
1227700451615
1227700452077
1227700453617
1227700453716
1227700454607
1227700454860
1227700455180
1227700455234
1227700455542
1227700456697
1227700457104
1227700457610
1227700458248
1227700459580
1227700459821
1227700459953
1227700460228
1227700460800
1227700460822
1227700461010
1227700461295
1227700461933
1227700462912
1227700463187
1227700463231
1227700466510
1227700468390
1227700468610
1227700469050
1227700469446
1227700469776
1227700470271
1227700471360
1227700471492
1227700471591
1227700471690
1227700472361
1227700472845
1227700473000
1227700473440
1227700473505
1227700473758
1227700474143
1227700474616
1227700475793
1227700476486
1227700476850
1227700478136
1227700479093
1227700480424
1227700480996
1227700481018
1227700481140
1227700481150
1227700481161
1227700481744
1227700482382
1227700483240
1227700483350
1227700483471
1227700483779
1227700485429
1227700485506
1227700486320
1227700487079
1227700487607
1227700487827
1227700487871
1227700487981
1227700488289
1227700488762
1227700488795
1227700490489
1227700490599
1227700493130
1227700493657
1227700494669
1227700495461
1227700496000
1227700496506
1227700496760
1227700497155
1227700497540
1227700498761
1227700499311
1227700499443
1227700499620
1227700500334
1227700500818
1227700501720
1227700501962
1227700502303
1227700502556
1227700504460
1227700504855
1227700505042
1227700505207
1227700505823
1227700505889
1227700506758
1227700507561
1227700509332
1227700510124
1227700510927
1227700511037
1227700511389
1227700511543
1227700511994
1227700512335
1227700512555
1227700512841
1227700513040
1227700513787
1227700513798
1227700514095
1227700514470
1227700514634
1227700514645
1227700515030
1227700515217
1227700515239
1227700516163
1227700516350
1227700516560
1227700516890
1227700518715
1227700519056
1227700519090
1227700519628
1227700519705
1227700520046
1227700520761
1227700521070
1227700521234
1227700521344
1227700521960
1227700523270
1227700523324
1227700524897
1227700525580
1227700526393
1227700526680
1227700527416
1227700527801
1227700527911
1227700528120
1227700528461
1227700528990
1227700529044
1227700529066
1227700529737
1227700529946
1227700530265
1227700530276
1227700530310
1227700530760
1227700531211
1227700531343
1227700533466
1227700533477
1227700533488
1227700534181
1227700535435
1227700535787
1227700538670
1227700539110
1227700539131
1227700539219
1227700539220
1227700540429
1227700540583
1227700540638
1227700541122
1227700541177
1227700541420
1227700541860
1227700541870
1227700542013
1227700542189
1227700542464
1227700542783
1227700543840
1227700544345
1227700545995
1227700546094
1227700546567
1227700546743
1227700546875
1227700547238
1227700547546
1227700547843
1227700548745
1227700548987
1227700549427
1227700549560
1227700549625
1227700549911
1227700549933
1227700549977
1227700550043
1227700550252
1227700550428
1227700550912
1227700551165
1227700551242
1227700551792
1227700551924
1227700552056
1227700552067
1227700552221
1227700552386
1227700552420
1227700553937
1227700554212
1227700554289
1227700554531
1227700555664
1227700556050
1227700556302
1227700556566
1227700556786
1227700557248
1227700557842
1227700557897
1227700558436
1227700558755
1227700558909
1227700559118
1227700563001
1227700563199
1227700563200
1227700563287
1227700564233
1227700564453
1227700564552
1227700564574
1227700564629
1227700565070
1227700565234
1227700566059
1227700566598
1227700566906
1227700568237
1227700568578
1227700568809
1227700569106
1227700569161
1227700569227
1227700569392
1227700570459
1227700570536
1227700570943
1227700571075
1227700571515
1227700571570
1227700571867
1227700572330
1227700572571
1227700572681
1227700572890
1227700573077
1227700573100
1227700573363
1227700573924
1227700574265
1227700574474
1227700574640
1227700575013
1227700575376
1227700575970
1227700577290
1227700577631
1227700577719
1227700577906
1227700578269
1227700578566
1227700578951
1227700579270
1227700579523
1227700579611
1227700579754
1227700579765
1227700579842
1227700580018
1227700580140
1227700581371
1227700581503
1227700581932
1227700582450
1227700583043
1227700583109
1227700584760
1227700585782
1227700587223
1227700587817
1227700588917
1227700590314
1227700590952
1227700591183
1227700591689
1227700592030
1227700593185
1227700594791
1227700596078
1227700596144
1227700596485
1227700598509
1227700599466
1227700599642
1227700599807
1227700600203
1227700600753
1227700601204
1227700601347
1227700601391
1227700601534
1227700602117
1227700603008
1227700603074
1227700603360
1227700604691
1227700604823
1227700605990
1227700606154
1227700606539
1227700606715
1227700606737
1227700607177
1227700607452
1227700608190
1227700609290
1227700610653
1227700610664
1227700610840
1227700610873
1227700611160
1227700611170
1227700611280
1227700611698
1227700612040
1227700612083
1227700612094
1227700612480
1227700612700
1227700612787
1227700613513
1227700614239
1227700614371
1227700614426
1227700614635
1227700614833
1227700615053
1227700616065
1227700616296
1227700616307
1227700616351
1227700616604
1227700616967
1227700617132
1227700617165
1227700617297
1227700617781
1227700617968
1227700618452
1227700618628
1227700618793
1227700619299
1227700619508
1227700619706
1227700620245
1227700620509
1227700621851
1227700621950
1227700622137
1227700622555
1227700622731
1227700623259
1227700623853
1227700624062
1227700625228
1227700625272
1227700625745
1227700625789
1227700626218
1227700626746
1227700627175
1227700627330
1227700627879
1227700628165
1227700628957
1227700629496
1227700629584
1227700629760
1227700630101
1227700630717
1227700631047
1227700631058
1227700631520
1227700631531
1227700632422
1227700633808
1227700634105
1227700634897
1227700634908
1227700634930
1227700635073
1227700635491
1227700635678
1227700636118
1227700636173
1227700636426
1227700636734
1227700636900
1227700637119
1227700637757
1227700638054
1227700638483
1227700638637
1227700638780
1227700639176
1227700640166
1227700640562
1227700640749
1227700642388
1227700642641
1227700642905
1227700643279
1227700644160
1227700644170
1227700644830
1227700645303
1227700645633
1227700645864
1227700646084
1227700646106
1227700647063
1227700649362
1227700649450
1227700651771
1227700651815
1227700652057
1227700652090
1227700654290
1227700655148
1227700655896
1227700659108
1227700659537
1227700661330
1227700661495
1227700661517
1227700662045
1227700662419
1227700663134
1227700663398
1227700663630
1227700663728
1227700664069
1227700664124
1227700664278
1227700664289
1227700665026
1227700665246
1227700665378
1227700665510
1227700665587
1227700667270
1227700667710
1227700668062
1227700668150
1227700669217
1227700669910
1227700670009
1227700670790
1227700671219
1227700671230
1227700671637
1227700671648
1227700673012
1227700675553
1227700675872
1227700675960
1227700676026
1227700676170
1227700676180
1227700676609
1227700676829
1227700677137
1227700677181
1227700677632
1227700677698
1227700677995
1227700678314
1227700678743
1227700678919
1227700679161
1227700679172
1227700679403
1227700679733
1227700679942
1227700680217
1227700682384
1227700682626
1227700683506
1227700683715
1227700684640
1227700686322
1227700687312
1227700687455
1227700687554
1227700688071
1227700688489
1227700688995
1227700689127
1227700689292
1227700689336
1227700689897
1227700689920
1227700690084
1227700690601
1227700690777
1227700690832
1227700690986
1227700691085
1227700691184
1227700691217
1227700691437
1227700691470
1227700691679
1227700692042
1227700692878
1227700692889
1227700695177
1227700695200
1227700697070
1227700699225
1227700701249
1227700701458
1227700702096
1227700703560
1227700703845
1227700704076
1227700704087
1227700704142
1227700704241
1227700704428
1227700704538
1227700704879
1227700704880
1227700704967
1227700705209
1227700705792
1227700706474
1227700706485
1227700706672
1227700706958
1227700707013
1227700707024
1227700707101
1227700707233
1227700707321
1227700707409
1227700707486
1227700707750
1227700708124
1227700708322
1227700708421
1227700708443
1227700709081
1227700709587
1227700710599
1227700711578
1227700712865
1227700713008
1227700713790
1227700714251
1227700714603
1227700714636
1227700714757
1227700714955
1227700715505
1227700716495
1227700716616
1227700717067
1227700717860
1227700718365
1227700718376
1227700718827
1227700718904
1227700719685
1227700719718
1227700719817
1227700720334
1227700720510
1227700721050
1227700721270
1227700721379
1227700721588
1227700721599
1227700721775
1227700722314
1227700722479
1227700722743
1227700723590
1227700723920
1227700724239
1227700724360
1227700724470
1227700725812
1227700725890
1227700726802
1227700727297
1227700728056
1227700728089
1227700728342
1227700728452
1227700729453
1227700729520
1227700729673
1227700729915
1227700729926
1227700730124
1227700730223
1227700730971
1227700731202
1227700731213
1227700731862
1227700732346
1227700732390
1227700732445
1227700732478
1227700732599
1227700732896
1227700733226
1227700733248
1227700733314
1227700734381
1227700734832
1227700735580
1227700735602
1227700735921
1227700735954
1227700737571
1227700737626
1227700737780
1227700737923
1227700737978
1227700739023
1227700739200
1227700739210
1227700739265
1227700739738
1227700740080
1227700740255
1227700740673
1227700741971
1227700742488
1227700742500
1227700742697
1227700742752
1227700743050
1227700743467
1227700743632
1227700744897
1227700745579
1227700745733
1227700745800
1227700745832
1227700745909
1227700746140
1227700746613
1227700748054
1227700748076
1227700748142
1227700748362
1227700748582
1227700748714
1227700749484
1227700749616
1227700749869
1227700750221
1227700750309
1227700750947
1227700752091
1227700752289
1227700753422
1227700754643
1227700754665
1227700754995
1227700755116
1227700755314
1227700756205
1227700756447
1227700756777
1227700757404
1227700757800
1227700757855
1227700757998
1227700758691
1227700758702
1227700758724
1227700758890
1227700760100
1227700760825
1227700761023
1227700761045
1227700761133
1227700761221
1227700761716
1227700761749
1227700761815
1227700761870
1227700761969
1227700762123
1227700762222
1227700762376
1227700762420
1227700762630
1227700762728
1227700763180
1227700763520
1227700763872
1227700763916
1227700764170
1227700764741
1227700764950
1227700765203
1227700765225
1227700765764
1227700765951
1227700765962
1227700766138
1227700766248
1227700766370
1227700766446
1227700766479
1227700767040
1227700767227
1227700767249
1227700767359
1227700767392
1227700767667
1227700767788
1227700767887
1227700767898
1227700768184
1227700768900
1227700768910
1227700769031
1227700770109
1227700770252
1227700770670
1227700770758
1227700770978
1227700771011
1227700771253
1227700771418
1227700771737
1227700771748
1227700771759
1227700771825
1227700771957
1227700772760
1227700772969
1227700773035
1227700773178
1227700773300
1227700773321
1227700773442
1227700773629
1227700773695
1227700773838
1227700773850
1227700774180
1227700774509
1227700774619
1227700774630
1227700775499
1227700775532
1227700775609
1227700776050
1227700776280
1227700776291
1227700776775
1227700776918
1227700777193
1227700778524
1227700778788
1227700778799
1227700778909
1227700778920
1227700778986
1227700779536
1227700779569
1227700780020
1227700780174
1227700780340
1227700780372
1227700781000
1227700781967
1227700782033
1227700782110
1227700782121
1227700782330
1227700782627
1227700783254
1227700783485
1227700783892
1227700784750
1227700785300
1227700785685
1227700785729
1227700786103
1227700786312
1227700787060
1227700787269
1227700787456
1227700787709
1227700787775
1227700787819
1227700787951
1227700787995
1227700788578
1227700788644
1227700788765
1227700789084
1227700789161
1227700790240
1227700790316
1227700791427
1227700791702
1227700792010
1227700792560
1227700792868
1227700792879
1227700793132
1227700793154
1227700793968
1227700794287
1227700794518
1227700794562
1227700794584
1227700794870
1227700794892
1227700794980
1227700795079
1227700795497
1227700796509
1227700796542
1227700796773
1227700796993
1227700797939
1227700798060
1227700798082
1227700798192
1227700798225
1227700798335
1227700798423
1227700798566
1227700798709
1227700798753
1227700798797
1227700798830
1227700798874
1227700799050
1227700799248
1227700799523
1227700799633
1227700799710
1227700799974
1227700800073
1227700800183
1227700800337
1227700800381
1227700800678
1227700800887
1227700801350
1227700801570
1227700801635
1227700801822
1227700802526
1227700802955
1227700803021
1227700803330
1227700803395
1227700803593
1227700803835
1227700804132
1227700804220
1227700804594
1227700804980
1227700805474
1227700806959
1227700807113
1227700807377
1227700807839
1227700807894
1227700808004
1227700808884
1227700808928
1227700808940
1227700808972
1227700809467
1227700810281
1227700811007
1227700812020
1227700812063
1227700812129
1227700812800
1227700813560
1227700813669
1227700813670
1227700813691
1227700813724
1227700814021
1227700814417
1227700814439
1227700814593
1227700814637
1227700814769
1227700814956
1227700815187
1227700815320
1227700815363
1227700815561
1227700815979
1227700816012
1227700816133
1227700816485
1227700816639
1227700816705
1227700816738
1227700817255
1227700817288
1227700817310
1227700817740
1227700817948
1227700818070
1227700818839
1227700819246
1227700819741
1227700820104
1227700820115
1227700820687
1227700820918
1227700820962
1227700820984
1227700821358
1227700821545
1227700821578
1227700821886
1227700822678
1227700823151
1227700823162
1227700823184
1227700823195
1227700823305
1227700823349
1227700823404
1227700823426
1227700823570
1227700823646
1227700824130
1227700824834
1227700825274
1227700825615
1227700825703
1227700826198
1227700826231
1227700826297
1227700826561
1227700827067
1227700827243
1227700827727
1227700827750
1227700828321
1227700828365
1227700829146
1227700830390
1227700830664
1227700831181
1227700831192
1227700831599
1227700831643
1227700832270
1227700832358
1227700832435
1227700832700
1227700833095
1227700833700
1227700834503
1227700834613
1227700834657
1227700834712
1227700835240
1227700835251
1227700835768
1227700836153
1227700836175
1227700836550
1227700836802
1227700837297
1227700837759
1227700838144
1227700838320
1227700838760
1227700839080
1227700839090
1227700840069
1227700840146
1227700841070
1227700841455
1227700841587
1227700841686
1227700842962
1227700843985
1227700844084
1227700844205
1227700844755
1227700844810
1227700844975
1227700845184
1227700845668
1227700845822
1227700845899
1227700845965
1227700846086
1227700846636
1227700846900
1227700847197
1227700847945
1227700848176
1227700848583
1227700848858
1227700849309
1227700849507
1227700849936
1227700850629
1227700850783
1227700851113
1227700851465
1227700851487
1227700851575
1227700851806
1227700852103
1227700852334
1227700852400
1227700852796
1227700853192
1227700853610
1227700853742
1227700854260
1227700854710
1227700854776
1227700855227
1227700856350
1227700856547
1227700856591
1227700857042
1227700857086
1227700857295
1227700857560
1227700857691
1227700857889
1227700858923
1227700859330
1227700859473
1227700859836
1227700859869
1227700860166
1227700860683
1227700861519
1227700861882
1227700862124
1227700862597
1227700862817
1227700863070
1227700863224
1227700863280
1227700863576
1227700863675
1227700864016
1227700864280
1227700865083
1227700865116
1227700865699
1227700865743
1227700865974
1227700866436
1227700866480
1227700867460
1227700867680
1227700867844
1227700868328
1227700868449
1227700868570
1227700868780
1227700868999
1227700870022
1227700870044
1227700870264
1227700870286
1227700870341
1227700870363
1227700870781
1227700870913
1227700870935
1227700871529
1227700871727
1227700871782
1227700872101
1227700872354
1227700872640
1227700873630
1227700873971
1227700874004
1227700874015
1227700874103
1227700874390
1227700874455
1227700875258
1227700875478
1227700875930
1227700877007
1227700877282
1227700878382
1227700878723
1227700878866
1227700879273
1227700879559
1227700879603
1227700879669
1227700881100
1227700881154
1227700881352
1227700881572
1227700881638
1227700881847
1227700882056
1227700882177
1227700882342
1227700882397
1227700882530
1227700882584
1227700883057
1227700883838
1227700884080
1227700884443
1227700885466
1227700885873
1227700886027
1227700886038
1227700886225
1227700886269
1227700886280
1227700886797
1227700887094
1227700887204
1227700887655
1227700887721
1227700888700
1227700888821
1227700888953
1227700889261
1227700889283
1227700889327
1227700889437
1227700889514
1227700889657
1227700889723
1227700889745
1227700890053
1227700890603
1227700890955
1227700891230
1227700891296
1227700891329
1227700891912
1227700892154
1227700892319
1227700892770
1227700892825
1227700893419
1227700893530
1227700893958
1227700894520
1227700895784
1227700895949
1227700896279
1227700896598
1227700896807
1227700896840
1227700897203
1227700897588
1227700897808
1227700898006
1227700898358
1227700898567
1227700898590
1227700899139
1227700899579
1227700899667
1227700900063
1227700900096
1227700900217
1227700900536
1227700901592
1227700902076
1227700902098
1227700902835
1227700903825
1227700903870
1227700903957
1227700905376
1227700905519
1227700906927
1227700907015
1227700907060
1227700907565
1227700907730
1227700908016
1227700908820
1227700908885
1227700909259
1227700909446
1227700909611
1227700909721
1227700909963
1227700909996
1227700911063
1227700911195
1227700913175
1227700914220
1227700914319
1227700914407
1227700914517
1227700914660
1227700914671
1227700914847
1227700914902
1227700915650
1227700915738
1227700917091
1227700917180
1227700917730
1227700917806
1227700918279
1227700918290
1227700918961
1227700919060
1227700919148
1227700919181
1227700919192
1227700919258
1227700919764
1227700920150
1227700921062
1227700921161
1227700921293
1227700921392
1227700921590
1227700921975
1227700921986
1227700922008
1227800012307
1227800016564
1227800028884
1227800033977
1227800038993
1227800044647
1227800051467
1227800055196
1227800081497
1227800097139
1227800103541
1227800104267
1227800110779
1227800114046
1227800116763
1227800116928
1227800122813
1227800127015
1227800132625
1227800137168
1227800140105
1227900000679
1229100009280
1229300123007
1229300130520
1229300139089
1230700002389
1231000004388
1231600033466
1231600036865
1231600043355
1231600052749
1231600053079
1231600058161
1232000003927
1232000004081
1232000010692
1232300007048
1232300034372
1232300037320
1232300045042
1232300060288
1232300067361
1232300071574
1232300071740
1232300075204
1232300075248
1232300075270
1232500000886
1232500012766
1232500016990
1232500019047
1232500021973
1232500027264
1232500028860
1232500030168
1232600005494
1232600005505
1232600005560
1232600011863
1232700019463
1232800001895
1232900004820
1233000002828
1233200004982
1233300000812
1233300001175
1233300002726
1233300003640
1233300004200
1233300004420
1233300004464
1233300004530
1233300004585
1233300004596
1233300004871
1233300004915
1233300005113
1233300005619
1233300005674
1233300006334
1233300006950
1233300007027
1233300007434
1233300010492
1233400005453
1233500000491
1233500001426
1233500003043
1233500009467
1233600010621
1233700011159
1233900010630
1234000001080
1234000001190
1234000002400
1234000002444
1234000002741
1234000003445
1234000003687
1234000003929
1234000004281
1234000005150
1234000006085
1234000006756
1234000008043
1234000008384
1234000009264
1234000009616
1234000010826
1234000011365
1234000011530
1234200006864
1234200007502
1234200017040
1234400002330
1234400006081
1234700003230
1234700036504
1234700036515
1234700036526
1234700036537
1235000000828
1235000000894
1235000002896
1235000003743
1235000003974
1235000004172
1235000004832
1235000005591
1235000006999
1235000007131
1235000007857
1235000008352
1235000009310
1235000009342
1235000009353
1235000010365
1235000010409
1235000010410
1235000010772
1235000010981
1235000011663
1235000012796
1235000012895
1235000012906
1235000012961
1235000014204
1235000014754
1235000014787
1235000015392
1235000015931
1235000015953
1235000015964
1235000015975
1235000016360
1235000016525
1235000016602
1235000016690
1235000016701
1235000016778
1235000016811
1235000016866
1235000016877
1235000016910
1235000016943
1235000016976
1235000016998
1235000017196
1235000017207
1235000018549
1235000018550
1235000018560
1235000020749
1235000021057
1235000021190
1235000021200
1235000021442
1235000021508
1235000021761
1235000022102
1235000023257
1235000023510
1235000024313
1235000024951
1235000025204
1235000025336
1235000025413
1235000027107
1235000027624
1235000027767
1235000028196
1235000029110
1235000029692
1235000029879
1235000029901
1235000032497
1235000035401
1235000036226
1235000037986
1235000038130
1235000038140
1235000038173
1235000038525
1235000038877
1235000038932
1235000039229
1235000040000
1235000041605
1235000043343
1235000043410
1235000044762
1235000046600
1235000047314
1235000048832
1235000049701
1235000050724
1235000050801
1235000055421
1235000056114
1235000056257
1235000056961
1235000057104
1235000058424
1235000058578
1235000058952
1235000059007
1235000061350
1235000061559
1235000062285
1235000063000
1235000063396
1235000064936
1235000064947
1235000065926
1235000066245
1235000066256
1235000066894
1235000068379
1235000069050
1235000069424
1235000069996
1235000072174
1235000073186
1235000073362
1235000073439
1235000073440
1235000073780
1235000074209
1235000074737
1235000076255
1235000079016
1235000080292
1235000081249
1235000083636
1235000083735
1235000085143
1235000086310
1235000086848
1235000087607
1235000088366
1235000088685
1235000089048
1235000090797
1235000090830
1235000093437
1235000093525
1235000095440
1235000096033
1235000096550
1235000097793
1235000097848
1235000098739
1235000098838
1235000099762
1235000101632
1235000102842
1235000102864
1235000104063
1235000104129
1235000104987
1235000106120
1235000106956
1235000107077
1235000107231
1235000108617
1235000108683
1235000109520
1235000112379
1235000112852
1235000113370
1235000113699
1235000114887
1235000117549
1235000117857
1235000120442
1235000121069
1235000121157
1235000121564
1235000122411
1235000122994
1235000123984
1235000124039
1235000124193
1235000124479
1235000126096
1235000126151
1235000126206
1235000126217
1235000127295
1235000127340
1235000127966
1235000128880
1235000129550
1235000130474
1235000131255
1235000131387
1235000131398
1235000131410
1235000131519
1235000131651
1235000131827
1235000131860
1235000131926
1235000133598
1235000133840
1235000134808
1235000134984
1235000135490
1235000135864
1235000136227
1235000138560
1235000139076
1235000140540
1235000140572
1235000140583
1235000140649
1235000140980
1235000141122
1235000141265
1235000141925
1235000142893
1235000143180
1235000143322
1235000143388
1235000143586
1235000143619
1235000143674
1235000144070
1235000144147
1235000144170
1235000144180
1235000144235
1235000144356
1235000144730
1235000144774
1235000145962
1235000145973
1235000146127
1235000146150
1235000147250
1235000147436
1235000148602
1235000149350
1235000151660
1235000153167
1235000153706
1235000153739
1235000154366
1235000154476
1235000154564
1235000156104
1235000156346
1235000156434
1235000158469
1235000158491
1235000158513
1235000158524
1235000159228
1235000159250
1235000159404
1235000159910
1235000160031
1235000160163
1235000160229
1235000160284
1235000160306
1235000160317
1235000160658
1235000160801
1235000160867
1235000160878
1235000160889
1235000160900
1235000161021
1235000161142
1235000161164
1235000161175
1235000161351
1235000161362
1235000161890
1235000161934
1235000162715
1235000165289
1235000166830
1235000166917
1235000166961
1235200008581
1235300003696
1235400009382
1235400035122
1235400041150
1235400045627
1235400048740
1235400051897
1235400051919
1235400051920
1235400052007
1235400052073
1235500004805
1235600006135
1235600011250
1235600011272
1235600011756
1235700005617
1235800008498
1235900001358
1235900003976
1235900006836
1235900011665
1236100006163
1236100006240
1236100008055
1236100012851
1236100025688
1236100030341
1236100030803
1236100030980
1236100034213
1236200000288
1236200000300
1236200001102
1236200001344
1236200002543
1236200003390
1236200003621
1236200004050
1236200004325
1236200004435
1236200005975
1236200006888
1236200006899
1236200007350
1236200007636
1236200007735
1236200008087
1236200008274
1236200008439
1236200008868
1236200009297
1236200009561
1236200009935
1236300016116
1236300030207
1236600027564
1236600036375
1236600046528
1236600060806
1236600065052
1236600070662
1236700000558
1236700000790
1236700000899
1236700000900
1236700000921
1236700000932
1236700001548
1236700002879
1236700002890
1236700003132
1236700003231
1236700003275
1236700003561
1236700003847
1236700004430
1236700004848
1236700005079
1236700005080
1236700005233
1236700006927
1236700006971
1236700007246
1236700007906
1236700008566
1236700008632
1236700008710
1236700008918
1236700008973
1236700009512
1236700009545
1236700009567
1236700009611
1236700009700
1236700010040
1236700010161
1236700010249
1236700010447
1236700010733
1236700010766
1236700011096
1236700011140
1236700011283
1236700011756
1236700012933
1236700013604
1236700014099
1236700014121
1236700014440
1236700014979
1236700014990
1236700015386
1236700015958
1236700016277
1236700016695
1236700016970
1236700017333
1236700017740
1236700017872
1236700017960
1236700018235
1236700018268
1236900000545
1236900000567
1236900000754
1236900001348
1236900001381
1236900002811
1236900002987
1236900003053
1236900003340
1236900003812
1236900004043
1236900004747
1236900004791
1236900005781
1236900006265
1236900006408
1236900006639
1236900007740
1236900008014
1236900008069
1236900009048
1236900009081
1236900009290
1236900009675
1236900009829
1236900010478
1236900010830
1236900010940
1236900011700
1236900011886
1236900012370
1236900012480
1236900012843
1236900013316
1237100000422
1237100000532
1237100000906
1237100001050
1237100002237
1237100003227
1237100003447
1237100004283
1237100004316
1237100004426
1237100005834
1237100006428
1237100006648
1237100006901
1237100006923
1237100006934
1237100007033
1237100007495
1237100007528
1237100008100
1237100008573
1237100008970
1237100009717
1237100009871
1237100009992
1237100010839
1237100010950
1237100011213
1237100011224
1237100011928
1237100011994
1237100012544
1237100012676
1237100013017
1237100013732
1237100013886
1237100015130
1237100015240
1237100015350
1237100015426
1237100015503
1237100016790
1237100016801
1237100016812
1237100017010
1237100017043
1237100017054
1237100017330
1237100017406
1237100017417
1237100017428
1237300001443
1237400004544
1237400015082
1237400034123
1237400034486
1237500001463
1237500001650
1237500002783
1237600000054
1237600000626
1237600000703
1237600000868
1237600000880
1237600000901
1237600001473
1237600001517
1237600001803
1237600002628
1237600003002
1237600003101
1237600003321
1237600003332
1237600003409
1237600003805
1237600004256
1237600004322
1237600004630
1237600004950
1237600005719
1237600006181
1237600006269
1237600007369
1237600007534
1237600007611
1237600008447
1237600008800
1237600009327
1237600009382
1237600009822
1237600009943
1237600010010
1237600010064
1237600010086
1237600010273
1237600010559
1237600010780
1237600010890
1237600011032
1237600011660
1237600012715
1237700000449
1237700000724
1237700000812
1237700000933
1237700000955
1237700001000
1237700001241
1237700001263
1237700001439
1237700001582
1237700001769
1237700001791
1237700002374
1237700002451
1237700002803
1237700002814
1237700003683
1237700003947
1237700004508
1237700004783
1237700005025
1237700005432
1237700006862
1237700007357
1237700007500
1237700007885
1237700007930
1237700008589
1237700008864
1237700009392
1237700009579
1237700009645
1237700009678
1237700009755
1237700009920
1237700010591
1237700010790
1237700010855
1237700010900
1237700011120
1237700011174
1237700011383
1237700011438
1237700011867
1237700011955
1237700012110
1237700012153
1237700012197
1237700012549
1237700012571
1237700012747
1237700012780
1237700012813
1237700013616
1237700013682
1237700013693
1237700013869
1237700014232
1237700014606
1237700014749
1237700015431
1237700015871
1237700016025
1237700016674
1237700016773
1237700017422
1237700017477
1237700017994
1237700018016
1237700018225
1237700018335
1237700018544
1237700019468
1237700019611
1237700019952
1237700019985
1237700020140
1237700020227
1237700020271
1237700020766
1237700020910
1237700021525
1237700021712
1237700022691
1237700023681
1237700024187
1237700024968
1237700025298
1237700025881
1237700026002
1237700026024
1237700026145
1237700026233
1237700026299
1237700026343
1237700026618
1237700027399
1237700027575
1237700028972
1237700029060
1237700029346
1237700030150
1237700030226
1237700030446
1237700031007
1237700031205
1237700031821
1237700032382
1237700032558
1237700033196
1237700034747
1237700034923
1237700035000
1237700035209
1237700035418
1237700035462
1237700035726
1237700036122
1237700036408
1237700036573
1237700036771
1237700037850
1237700037882
1237700037926
1237700038003
1237700038421
1237700038685
1237700038839
1237700039015
1237700039136
1237700039620
1237700040588
1237700040643
1237700040698
1237700040731
1237700040742
1237700041006
1237700041358
1237700041402
1237700041776
1237700041920
1237700042018
1237700042227
1237700042271
1237700042282
1237700042381
1237700042392
1237700042557
1237700042810
1237700043404
1237700043558
1237700043943
1237700044394
1237700044592
1237700044670
1237700044779
1237700045164
1237700045330
1237700046165
1237700046198
1237700046297
1237700046374
1237700046429
1237700046495
1237700046638
1237700047078
1237700047177
1237700047200
1237700047353
1237700049465
1237700050774
1237700051676
1237700052094
1237700053403
1237700053447
1237700053975
1237700054162
1237700054272
1237700054756
1237700054778
1237700055119
1237700055185
1237700055493
1237700055790
1237700056110
1237700056440
1237700056494
1237700056681
1237700056824
1237700057297
1237700057759
1237700057836
1237700058397
1237700058584
1237700058705
1237700058859
1237700058958
1237700059630
1237700060234
1237700060663
1237700060696
1237700060795
1237700061290
1237700061500
1237700061895
1237700062016
1237700062885
1237700062896
1237700062907
1237700062918
1237700063567
1237700063798
1237700063875
1237700064139
1237700064392
1237700064799
1237700065338
1237700065448
1237700065778
1237700066581
1237700066955
1237700067351
1237700067439
1237700067440
1237700067461
1237700067472
1237700067659
1237700068066
1237700068264
1237700068451
1237700068495
1237700068539
1237700068726
1237700069551
1237700069848
1237700070002
1237700071245
1237700071443
1237700072334
1237700072345
1237700073005
1237700073346
1237700073522
1237700073600
1237700074391
1237700074567
1237700074644
1237700075821
1237700076162
1237700076250
1237700076261
1237700076790
1237700076943
1237700077053
1237700077317
1237700078252
1237700078428
1237700078846
1237700078890
1237700079660
1237700079693
1237700080375
1237700080419
1237700080914
1237700081574
1237700082575
1237700082641
1237700083345
1237700084159
1237700084346
1237700084379
1237700084600
1237700084632
1237700084874
1237700085237
1237700085490
1237700085633
1237700085644
1237700086623
1237700087514
1237700087558
1237700088383
1237700088867
1237700089230
1237700090143
1237700090209
1237700090286
1237700090374
1237700091090
1237700091420
1237700091441
1237700091914
1237700092101
1237700092508
1237700092552
1237700092585
1237700093432
1237700093685
1237700094290
1237700094455
1237700094928
1237700095049
1237700095192
1237700095588
1237700096358
1237700096370
1237700096435
1237700096446
1237700096633
1237700097546
1237700097623
1237700098570
1237700098855
1237700099218
1237700099670
1237700099680
1237700099691
1237700099702
1237700099823
1237700100175
1237700100208
1237700100230
1237700100296
1237700100406
1237700101044
1237700101891
1237700102265
1237700102342
1237700102408
1237700102430
1237700102441
1237700102683
1237700103112
1237700103211
1237700103310
1237700103651
1237700104058
1237700104366
1237700104674
1237700104828
1237700104839
1237700104850
1237700104938
1237700105466
1237700105477
1237700105521
1237700105532
1237700105862
1237700106313
1237700107644
1237700107787
1237700107897
1237700107919
1237700108161
1237700108381
1237700108546
1237700108920
1237700109613
1237700110152
1237700110372
1237700110724
1237700110922
1237700111373
1237700111406
1237700111417
1237700111681
1237700112374
1237700112451
1237700112539
1237700112737
1237700113397
1237700114519
1237700115058
1237700115146
1237700116411
1237700116554
1237700117401
1237700117610
1237700117621
1237700117742
1237700118193
1237700118204
1237700118215
1237700118237
1237700118260
1237700118270
1237700118281
1237700118292
1237700118314
1237700118831
1237700120316
1237700120371
1237700120437
1237700121119
1237700121207
1237700121317
1237700121460
1237700121691
1237700121713
1237700122098
1237700122197
1237700123187
1237700124078
1237700124683
1237700125024
1237700125167
1237700126069
1237700126608
1237700126729
1237700126730
1237700127037
1237700127048
1237700128434
1237700128764
1237700129040
1237700130062
1237700130392
1237700130469
1237700130623
1237700130667
1237700130821
1237700130865
1237700131162
1237700131184
1237700131195
1237700131382
1237700131393
1237700131514
1237700132251
1237700132317
1237700132383
1237700132427
1237700132537
1237700132548
1237700132625
1237700132867
1237700133263
1237700133440
1237700133835
1237700133990
1237700134242
1237700134462
1237700134836
1237700135111
1237700135529
1237700135650
1237700135716
1237700136740
1237700136970
1237700138444
1237700138829
1237700138851
1237700138939
1237700140215
1237700140237
1237700140259
1237700140380
1237700141513
1237700141546
1237700141711
1237700141722
1237700141766
1237700142052
1237700142173
1237700142646
1237700143251
1237700143713
1237700143878
1237700144329
1237700145430
1237700145495
1237700145528
1237700145946
1237700146089
1237700146837
1237700147464
1237700147827
1237700148564
1237700149136
1237700150313
1237700150808
1237700150852
1237700150929
1237700151700
1237700151853
1237700152227
1237700152271
1237700152667
1237700152810
1237700152964
1237700153525
1237700154031
1237700154482
1237700154680
1237700155483
1237700156143
1237700157067
1237700157530
1237700157606
1237700158024
1237700158288
1237700158332
1237700160290
1237700161050
1237700161247
1237700161368
1237700161643
1237700161687
1237700161995
1237700162149
1237700162160
1237700162512
1237700162700
1237700163139
1237700163359
1237700163711
1237700163898
1237700164020
1237700164085
1237700164195
1237700164327
1237700164679
1237700165031
1237700165064
1237700165450
1237700166098
1237700166109
1237700166175
1237700166285
1237700166791
1237700166967
1237700167198
1237700167319
1237700167528
1237700168155
1237700168331
1237700168397
1237700168859
1237700169123
1237700170245
1237700170564
1237700170773
1237700170784
1237700170993
1237700171499
1237700171521
1237700172291
1237700172610
1237700172820
1237700173028
1237700174293
1237700174403
1237700174436
1237700174645
1237700174799
1237700175206
1237700175217
1237700175701
1237700175723
1237700175943
1237700175987
1237700176328
1237700176416
1237700176801
1237700176944
1237700177219
1237700177846
1237700177880
1237700178121
1237700178341
